   0.00000E+0000   0.00000E+0000   0.00000E+0000   0.00000E+0000
   0.50796E+0000  -0.17474E-0006  -0.11019E-0006  -0.29833E-0007
   0.10159E+0001   0.11134E-0006  -0.17784E-0005  -0.82999E-0007
   0.15236E+0001  -0.45794E-0005  -0.90380E-0005  -0.23721E-0007
   0.20306E+0001  -0.14916E-0004  -0.32713E-0004  -0.90463E-0007
   0.25360E+0001  -0.51704E-0004  -0.97503E-0004  -0.32773E-0007
   0.30390E+0001  -0.14787E-0003  -0.25575E-0003  -0.10378E-0006
   0.35386E+0001  -0.37152E-0003  -0.60463E-0003   0.34540E-0007
   0.40345E+0001  -0.85325E-0003  -0.13134E-0002   0.12033E-0007
   0.45271E+0001  -0.18081E-0002  -0.26544E-0002  -0.91468E-0007
   0.50173E+0001  -0.35751E-0002  -0.50423E-0002   0.13793E-0006
   0.55064E+0001  -0.66683E-0002  -0.90725E-0002   0.35192E-0006
   0.60505E+0001  -0.12539E-0001  -0.16466E-0001   0.44374E-0007
   0.65356E+0001  -0.20920E-0001  -0.26714E-0001  -0.48464E-0007
   0.70130E+0001  -0.33125E-0001  -0.41262E-0001   0.63434E-0007
   0.75360E+0001  -0.52223E-0001  -0.63500E-0001   0.27345E-0006
   0.80032E+0001  -0.75273E-0001  -0.89818E-0001   0.27273E-0006
   0.85221E+0001  -0.10818E+0000  -0.12675E+0000  -0.79794E-0008
   0.90410E+0001  -0.14877E+0000  -0.17163E+0000   0.15308E-0006
   0.95088E+0001  -0.19119E+0000  -0.21799E+0000   0.13138E-0006
   0.10030E+0002  -0.24316E+0000  -0.27419E+0000  -0.44557E-0007
   0.10551E+0002  -0.29737E+0000  -0.33215E+0000   0.21461E-0006
   0.11021E+0002  -0.34484E+0000  -0.38219E+0000   0.52425E-0007
   0.11544E+0002  -0.39180E+0000  -0.43052E+0000  -0.31295E-0006
   0.12014E+0002  -0.42453E+0000  -0.46248E+0000  -0.26463E-0006
   0.12536E+0002  -0.44461E+0000  -0.47863E+0000  -0.48387E-0007
   0.13005E+0002  -0.44194E+0000  -0.46944E+0000  -0.16157E-0006
   0.13527E+0002  -0.40918E+0000  -0.42553E+0000  -0.30040E-0006
   0.14049E+0002  -0.33653E+0000  -0.33916E+0000  -0.20677E-0006
   0.14518E+0002  -0.23086E+0000  -0.22206E+0000  -0.28091E-0006
   0.15039E+0002  -0.66788E-0001  -0.52379E-0001  -0.34941E-0006
   0.15508E+0002   0.11390E+0000   0.12119E+0000  -0.16471E-0006
   0.16027E+0002   0.31846E+0000   0.30313E+0000  -0.23896E-0006
   0.16544E+0002   0.46842E+0000   0.42669E+0000  -0.23545E-0006
   0.17008E+0002   0.50053E+0000   0.45277E+0000  -0.10427E-0006
   0.17525E+0002   0.41084E+0000   0.37752E+0000  -0.21693E-0006
   0.18043E+0002   0.22441E+0000   0.21772E+0000   0.18736E-0007
   0.18509E+0002   0.31231E-0001   0.41880E-0001   0.68094E-0007
   0.19028E+0002  -0.16098E+0000  -0.14534E+0000  -0.21379E-0006
   0.19548E+0002  -0.30286E+0000  -0.29312E+0000  -0.39620E-0006
   0.20015E+0002  -0.38091E+0000  -0.37950E+0000  -0.29739E-0006
   0.20534E+0002  -0.41372E+0000  -0.41974E+0000  -0.17489E-0006
   0.21001E+0002  -0.39910E+0000  -0.40716E+0000  -0.95345E-0007
   0.21521E+0002  -0.33751E+0000  -0.34263E+0000  -0.21849E-0006
   0.22040E+0002  -0.23145E+0000  -0.23002E+0000  -0.45101E-0006
   0.22507E+0002  -0.10167E+0000  -0.94443E-0001  -0.28131E-0006
   0.23027E+0002   0.72020E-0001   0.80653E-0001  -0.23018E-0008
   0.23547E+0002   0.25688E+0000   0.25735E+0000  -0.18393E-0006
   0.24014E+0002   0.40234E+0000   0.38820E+0000  -0.49344E-0006
   0.24531E+0002   0.49773E+0000   0.46717E+0000  -0.48463E-0006
   0.25048E+0002   0.48190E+0000   0.45184E+0000  -0.55695E-0007
   0.25514E+0002   0.37747E+0000   0.35908E+0000   0.18849E-0006
   0.26032E+0002   0.19434E+0000   0.19403E+0000  -0.21835E-0006
   0.26552E+0002  -0.74756E-0002   0.43434E-0002  -0.47727E-0006
   0.27018E+0002  -0.16938E+0000  -0.15509E+0000  -0.36761E-0007
   0.27536E+0002  -0.30644E+0000  -0.29574E+0000   0.24861E-0006
   0.28001E+0002  -0.38533E+0000  -0.37914E+0000  -0.25850E-0006
   0.28517E+0002  -0.42383E+0000  -0.41978E+0000  -0.70355E-0006
   0.29035E+0002  -0.41283E+0000  -0.40587E+0000  -0.22324E-0006
   0.29501E+0002  -0.36467E+0000  -0.34897E+0000   0.31780E-0006
   0.30017E+0002  -0.27167E+0000  -0.24054E+0000   0.18993E-0006
   0.30531E+0002  -0.14166E+0000  -0.91555E-0001  -0.41119E-0006
   0.31043E+0002   0.17036E-0001   0.85277E-0001  -0.61752E-0006
   0.31503E+0002   0.17039E+0000   0.25059E+0000  -0.27804E-0006
   0.32014E+0002   0.32401E+0000   0.41241E+0000   0.10672E-0006
   0.32524E+0002   0.41727E+0000   0.51585E+0000   0.24107E-0007
   0.33037E+0002   0.40547E+0000   0.53174E+0000  -0.30942E-0006
   0.33503E+0002   0.29901E+0000   0.46665E+0000  -0.33902E-0006
   0.34020E+0002   0.10180E+0000   0.32796E+0000  -0.26833E-0007
   0.34537E+0002  -0.12381E+0000   0.16045E+0000  -0.53256E-0007
   0.35000E+0002  -0.31159E+0000   0.18919E-0001  -0.24833E-0006
   0.35514E+0002  -0.47818E+0000  -0.10208E+0000  -0.28244E-0006
   0.36025E+0002  -0.59023E+0000  -0.17094E+0000  -0.31014E-0007
   0.36533E+0002  -0.64661E+0000  -0.18424E+0000  -0.41598E-0007
   0.37044E+0002  -0.65177E+0000  -0.14446E+0000  -0.39983E-0006
   0.37507E+0002  -0.61399E+0000  -0.66541E-0001  -0.23679E-0006
   0.38023E+0002  -0.52743E+0000   0.59813E-0001   0.24510E-0006
   0.38537E+0002  -0.39740E+0000   0.21718E+0000   0.12570E-0006
   0.39050E+0002  -0.23041E+0000   0.38863E+0000  -0.62532E-0006
   0.39511E+0002  -0.60644E-0001   0.53336E+0000  -0.91791E-0006
   0.40020E+0002   0.12197E+0000   0.64967E+0000  -0.26056E-0006
   0.40527E+0002   0.25865E+0000   0.68206E+0000   0.45620E-0006
   0.41037E+0002   0.31040E+0000   0.60223E+0000  -0.54112E-0007
   0.41551E+0002   0.28180E+0000   0.40899E+0000  -0.67135E-0006
   0.42013E+0002   0.20803E+0000   0.16469E+0000  -0.28268E-0006
   0.42526E+0002   0.11786E+0000  -0.13687E+0000   0.44227E-0006
   0.43039E+0002   0.45863E-0001  -0.41678E+0000   0.37736E-0007
   0.43551E+0002  -0.79315E-0002  -0.62852E+0000  -0.86288E-0006
   0.44010E+0002  -0.51885E-0001  -0.73392E+0000  -0.71396E-0006
   0.44518E+0002  -0.11159E+0000  -0.74482E+0000   0.18749E-0006
   0.45027E+0002  -0.17844E+0000  -0.64849E+0000   0.19249E-0006
   0.45543E+0002  -0.23846E+0000  -0.46201E+0000  -0.62899E-0006
   0.46014E+0002  -0.26671E+0000  -0.23770E+0000  -0.66424E-0006
   0.46542E+0002  -0.25159E+0000   0.44869E-0001  -0.97708E-0008
   0.47014E+0002  -0.19122E+0000   0.29991E+0000   0.18458E-0006
   0.47532E+0002  -0.81105E-0001   0.54873E+0000  -0.45670E-0006
   0.48043E+0002   0.44708E-0001   0.72341E+0000  -0.73544E-0006
   0.48500E+0002   0.13841E+0000   0.78511E+0000  -0.24890E-0006
   0.49011E+0002   0.18660E+0000   0.72073E+0000   0.25422E-0006
   0.49527E+0002   0.18528E+0000   0.51177E+0000  -0.15378E-0006
   0.50051E+0002   0.14485E+0000   0.18526E+0000  -0.54862E-0006
   0.50527E+0002   0.12698E+0000  -0.15607E+0000  -0.49004E-0006
   0.51000E+0002   0.13418E+0000  -0.47992E+0000  -0.29019E-0006
   0.51519E+0002   0.14768E+0000  -0.75049E+0000  -0.28454E-0006
   0.52031E+0002   0.10664E+0000  -0.87748E+0000  -0.23090E-0006
   0.52541E+0002  -0.71865E-0002  -0.84556E+0000  -0.31504E-0006
   0.53001E+0002  -0.14943E+0000  -0.69742E+0000  -0.58922E-0006
   0.53518E+0002  -0.29962E+0000  -0.43976E+0000  -0.64173E-0006
   0.54034E+0002  -0.39385E+0000  -0.13511E+0000  -0.14339E-0006
   0.54547E+0002  -0.41354E+0000   0.17245E+0000   0.46920E-0006
   0.55002E+0002  -0.36680E+0000   0.42600E+0000   0.37823E-0006
   0.55502E+0002  -0.25268E+0000   0.65863E+0000  -0.48613E-0006
   0.56050E+0002  -0.85777E-0001   0.82094E+0000  -0.10784E-0005
   0.56500E+0002   0.42000E-0001   0.85000E+0000  -0.61673E-0006
   0.57006E+0002   0.13864E+0000   0.74643E+0000   0.88656E-0007
   0.57520E+0002   0.18253E+0000   0.49797E+0000  -0.53131E-0007
   0.58041E+0002   0.19684E+0000   0.13936E+0000  -0.89728E-0006
   0.58516E+0002   0.20332E+0000  -0.22008E+0000  -0.94361E-0006
   0.59041E+0002   0.20522E+0000  -0.57401E+0000  -0.57751E-0007
   0.59506E+0002   0.16928E+0000  -0.78957E+0000   0.66079E-0007
   0.60017E+0002   0.63323E-0001  -0.88231E+0000  -0.60413E-0006
   0.60525E+0002  -0.10204E+0000  -0.82773E+0000  -0.72545E-0006
   0.61035E+0002  -0.27778E+0000  -0.66289E+0000  -0.20111E-0006
   0.61544E+0002  -0.41394E+0000  -0.43551E+0000  -0.18154E-0007
   0.62001E+0002  -0.47941E+0000  -0.20940E+0000  -0.17067E-0006
   0.62505E+0002  -0.48190E+0000   0.42512E-0001  -0.23114E-0006
   0.63002E+0002  -0.41486E+0000   0.27929E+0000  -0.87011E-0007
   0.63543E+0002  -0.27673E+0000   0.50492E+0000  -0.21114E-0006
   0.64033E+0002  -0.11868E+0000   0.65602E+0000  -0.55268E-0006
   0.64526E+0002   0.36452E-0001   0.72529E+0000  -0.67099E-0006
   0.65025E+0002   0.15575E+0000   0.68091E+0000  -0.35043E-0006
   0.65534E+0002   0.21101E+0000   0.50472E+0000  -0.21155E-0006
   0.66051E+0002   0.22182E+0000   0.21121E+0000  -0.51496E-0006
   0.66524E+0002   0.21436E+0000  -0.11171E+0000  -0.66517E-0006
   0.67049E+0002   0.21381E+0000  -0.45864E+0000  -0.29936E-0006
   0.67516E+0002   0.20106E+0000  -0.69092E+0000   0.24352E-0006
   0.68028E+0002   0.13071E+0000  -0.81069E+0000   0.14887E-0006
   0.68536E+0002  -0.33932E-0002  -0.77415E+0000  -0.82693E-0006
   0.69042E+0002  -0.15877E+0000  -0.60935E+0000  -0.11695E-0005
   0.69545E+0002  -0.28376E+0000  -0.36324E+0000   0.18712E-0007
   0.70045E+0002  -0.34893E+0000  -0.81109E-0001   0.97290E-0006
   0.70540E+0002  -0.34772E+0000   0.20007E+0000   0.37766E-0006
   0.71030E+0002  -0.28926E+0000   0.45091E+0000  -0.72047E-0006
   0.71514E+0002  -0.19112E+0000   0.64683E+0000  -0.97923E-0006
   0.72047E+0002  -0.67473E-0001   0.77107E+0000  -0.24432E-0006
   0.72535E+0002   0.31333E-0001   0.77760E+0000   0.19374E-0006
   0.73030E+0002   0.99460E-0001   0.66838E+0000  -0.18270E-0006
   0.73535E+0002   0.14015E+0000   0.44627E+0000  -0.71780E-0006
   0.74048E+0002   0.16640E+0000   0.13718E+0000  -0.54329E-0006
   0.74518E+0002   0.18988E+0000  -0.17369E+0000  -0.25862E-0006
   0.75044E+0002   0.21217E+0000  -0.49066E+0000  -0.41529E-0006
   0.75513E+0002   0.20559E+0000  -0.69218E+0000  -0.42794E-0006
   0.76028E+0002   0.13241E+0000  -0.78639E+0000  -0.22454E-0006
   0.76540E+0002   0.36734E-0002  -0.74056E+0000  -0.78732E-0007
   0.77000E+0002  -0.13305E+0000  -0.60022E+0000  -0.34271E-0006
   0.77509E+0002  -0.26802E+0000  -0.37224E+0000  -0.52959E-0006
   0.78015E+0002  -0.35361E+0000  -0.10873E+0000  -0.34506E-0006
   0.78516E+0002  -0.37948E+0000   0.15590E+0000   0.13596E-0006
   0.79010E+0002  -0.34790E+0000   0.39524E+0000   0.14351E-0006
   0.79548E+0002  -0.25771E+0000   0.60353E+0000  -0.46326E-0006
   0.80036E+0002  -0.14734E+0000   0.71986E+0000  -0.59391E-0006
   0.80528E+0002  -0.38633E-0001   0.74384E+0000  -0.31061E-0006
   0.81026E+0002   0.44389E-0001   0.65739E+0000  -0.33682E-0006
   0.81533E+0002   0.94846E-0001   0.45737E+0000  -0.78347E-0006
   0.82049E+0002   0.12691E+0000   0.16543E+0000  -0.64462E-0006
   0.82520E+0002   0.15318E+0000  -0.13583E+0000   0.44012E-0007
   0.83047E+0002   0.17932E+0000  -0.44889E+0000   0.32956E-0006
   0.83517E+0002   0.18074E+0000  -0.65237E+0000  -0.40462E-0006
   0.84033E+0002   0.11964E+0000  -0.75182E+0000  -0.16034E-0005
   0.84544E+0002   0.39957E-0002  -0.71373E+0000  -0.13296E-0005
   0.85002E+0002  -0.12080E+0000  -0.58302E+0000   0.11511E-0006
   0.85508E+0002  -0.24711E+0000  -0.36605E+0000   0.10919E-0005
   0.86011E+0002  -0.33431E+0000  -0.10993E+0000   0.27881E-0006
   0.86509E+0002  -0.37054E+0000   0.15365E+0000  -0.96123E-0006
   0.87001E+0002  -0.35502E+0000   0.39904E+0000  -0.10110E-0005
   0.87536E+0002  -0.28595E+0000   0.62183E+0000  -0.29943E-0008
   0.88022E+0002  -0.19445E+0000   0.75741E+0000   0.56176E-0006
   0.88512E+0002  -0.10363E+0000   0.80483E+0000   0.37286E-0007
   0.89008E+0002  -0.38965E-0001   0.74397E+0000  -0.83480E-0006
   0.89513E+0002  -0.64828E-0002   0.56814E+0000  -0.11709E-0005
   0.90028E+0002   0.76486E-0002   0.29324E+0000  -0.64500E-0006
   0.90551E+0002   0.31003E-0001  -0.39515E-0001  -0.54801E-0007
   0.91026E+0002   0.70501E-0001  -0.33742E+0000   0.13630E-0006
   0.91548E+0002   0.10809E+0000  -0.60171E+0000   0.28443E-0007
   0.92013E+0002   0.11359E+0000  -0.74079E+0000  -0.40388E-0006
   0.92527E+0002   0.57639E-0001  -0.76545E+0000  -0.10716E-0005
   0.93038E+0002  -0.37692E-0001  -0.66342E+0000  -0.11215E-0005
   0.93547E+0002  -0.14061E+0000  -0.46649E+0000   0.13302E-0006
   0.94003E+0002  -0.21511E+0000  -0.24025E+0000   0.10250E-0005
   0.94504E+0002  -0.25865E+0000   0.30934E-0001   0.26502E-0006
   0.95049E+0002  -0.24788E+0000   0.31552E+0000  -0.13116E-0005
   0.95539E+0002  -0.18936E+0000   0.53088E+0000  -0.13573E-0005
   0.96028E+0002  -0.10105E+0000   0.67616E+0000  -0.18207E-0006
   0.96519E+0002  -0.88318E-0002   0.72375E+0000   0.61280E-0006
   0.97018E+0002   0.59752E-0001   0.65288E+0000  -0.96355E-0007
   0.97525E+0002   0.97880E-0001   0.46071E+0000  -0.12298E-0005
   0.98041E+0002   0.11924E+0000   0.17080E+0000  -0.10043E-0005
   0.98513E+0002   0.14176E+0000  -0.13121E+0000   0.10620E-0006
   0.99042E+0002   0.16831E+0000  -0.44580E+0000   0.38501E-0006
   0.99513E+0002   0.17163E+0000  -0.65003E+0000  -0.42948E-0006
   0.10003E+0003   0.11001E+0000  -0.75055E+0000  -0.10278E-0005
   0.10054E+0003  -0.62359E-0002  -0.71517E+0000  -0.32770E-0006
   0.10100E+0003  -0.12667E+0000  -0.58927E+0000   0.38011E-0006
   0.10151E+0003  -0.24300E+0000  -0.37959E+0000   0.50735E-0007
   0.10202E+0003  -0.31961E+0000  -0.13087E+0000  -0.82469E-0006
   0.10252E+0003  -0.34545E+0000   0.12610E+0000  -0.10514E-0005
   0.10302E+0003  -0.31926E+0000   0.36456E+0000  -0.20163E-0006
   0.10351E+0003  -0.24712E+0000   0.56011E+0000   0.70951E-0006
   0.10405E+0003  -0.13445E+0000   0.69660E+0000   0.39442E-0006
   0.10454E+0003  -0.30002E-0001   0.72300E+0000  -0.69744E-0006
   0.10504E+0003   0.50234E-0001   0.63773E+0000  -0.12669E-0005
   0.10554E+0003   0.96568E-0001   0.43970E+0000  -0.66033E-0006
   0.10601E+0003   0.11806E+0000   0.18503E+0000  -0.60792E-0007
   0.10653E+0003   0.13368E+0000  -0.13616E+0000  -0.19898E-0006
   0.10701E+0003   0.14108E+0000  -0.40521E+0000  -0.51407E-0006
   0.10753E+0003   0.12048E+0000  -0.61889E+0000  -0.25566E-0006
   0.10800E+0003   0.53119E-0001  -0.70452E+0000  -0.79911E-0007
   0.10852E+0003  -0.61917E-0001  -0.68111E+0000  -0.51494E-0006
   0.10903E+0003  -0.18186E+0000  -0.55805E+0000  -0.90750E-0006
   0.10954E+0003  -0.27552E+0000  -0.36908E+0000  -0.59891E-0006
   0.11005E+0003  -0.32684E+0000  -0.14456E+0000   0.17309E-0006
   0.11050E+0003  -0.33208E+0000   0.66283E-0001   0.53973E-0006
   0.11105E+0003  -0.28625E+0000   0.30948E+0000   0.92955E-0007
   0.11154E+0003  -0.20178E+0000   0.49310E+0000  -0.54312E-0006
   0.11203E+0003  -0.94980E-0001   0.61617E+0000  -0.71732E-0006
   0.11252E+0003   0.83978E-0002   0.65374E+0000  -0.21162E-0006
   0.11302E+0003   0.82570E-0001   0.58664E+0000   0.22553E-0006
   0.11353E+0003   0.11690E+0000   0.41275E+0000  -0.81894E-0007
   0.11405E+0003   0.12004E+0000   0.15487E+0000  -0.86854E-0006
   0.11452E+0003   0.10652E+0000  -0.11088E+0000  -0.11054E-0005
   0.11505E+0003   0.90757E-0001  -0.38792E+0000  -0.21152E-0006
   0.11552E+0003   0.65152E-0001  -0.57231E+0000   0.62723E-0006
   0.11604E+0003   0.85410E-0002  -0.67334E+0000   0.20713E-0006
   0.11651E+0003  -0.66169E-0001  -0.66551E+0000  -0.62501E-0006
   0.11702E+0003  -0.15526E+0000  -0.56063E+0000  -0.77167E-0006
   0.11754E+0003  -0.22772E+0000  -0.37934E+0000  -0.16957E-0008
   0.11805E+0003  -0.26905E+0000  -0.14944E+0000   0.40868E-0006
   0.11850E+0003  -0.27282E+0000   0.75337E-0001   0.12921E-0007
   0.11900E+0003  -0.23562E+0000   0.31803E+0000  -0.54381E-0006
   0.11954E+0003  -0.15080E+0000   0.54305E+0000  -0.52844E-0006
   0.12003E+0003  -0.52084E-0001   0.67753E+0000   0.96955E-0007
   0.12053E+0003   0.39124E-0001   0.71551E+0000   0.53635E-0006
   0.12103E+0003   0.99949E-0001   0.63707E+0000  -0.44339E-0007
   0.12154E+0003   0.12612E+0000   0.44269E+0000  -0.11128E-0005
   0.12200E+0003   0.12759E+0000   0.19119E+0000  -0.12844E-0005
   0.12253E+0003   0.12170E+0000  -0.12455E+0000   0.91119E-0007
   0.12300E+0003   0.11582E+0000  -0.38785E+0000   0.12243E-0005
   0.12353E+0003   0.85982E-0001  -0.59730E+0000   0.64920E-0006
   0.12400E+0003   0.24976E-0001  -0.68396E+0000  -0.11868E-0005
   0.12452E+0003  -0.72334E-0001  -0.66695E+0000  -0.18169E-0005
   0.12504E+0003  -0.17259E+0000  -0.55062E+0000  -0.76690E-0007
   0.12551E+0003  -0.24380E+0000  -0.38537E+0000   0.13654E-0005
   0.12602E+0003  -0.28999E+0000  -0.16106E+0000   0.72355E-0006
   0.12653E+0003  -0.29624E+0000   0.79726E-0001  -0.11153E-0005
   0.12703E+0003  -0.25960E+0000   0.31126E+0000  -0.15780E-0005
   0.12753E+0003  -0.18371E+0000   0.50858E+0000  -0.39987E-0006
   0.12802E+0003  -0.85695E-0001   0.64479E+0000   0.78289E-0006
   0.12852E+0003   0.81153E-0002   0.69198E+0000   0.72042E-0006
   0.12902E+0003   0.73180E-0001   0.62850E+0000  -0.12638E-0006
   0.12953E+0003   0.10068E+0000   0.45046E+0000  -0.59203E-0006
   0.13000E+0003   0.10065E+0000   0.21037E+0000  -0.52481E-0006
   0.13053E+0003   0.92962E-0001  -0.10014E+0000  -0.55798E-0006
   0.13101E+0003   0.92215E-0001  -0.36618E+0000  -0.48634E-0006
   0.13153E+0003   0.74239E-0001  -0.58499E+0000   0.14019E-0006
   0.13200E+0003   0.22969E-0001  -0.68178E+0000   0.51925E-0006
   0.13252E+0003  -0.68614E-0001  -0.67230E+0000   0.10689E-0006
   0.13304E+0003  -0.17188E+0000  -0.55776E+0000  -0.57535E-0006
   0.13350E+0003  -0.24892E+0000  -0.39012E+0000  -0.90833E-0006
   0.13402E+0003  -0.29971E+0000  -0.16065E+0000  -0.66511E-0006
   0.13453E+0003  -0.30493E+0000   0.86678E-0001  -0.91113E-0007
   0.13503E+0003  -0.26350E+0000   0.32521E+0000   0.37366E-0006
   0.13553E+0003  -0.18194E+0000   0.52899E+0000   0.59784E-0006
   0.13602E+0003  -0.79899E-0001   0.67036E+0000   0.31939E-0006
   0.13652E+0003   0.13446E-0001   0.72113E+0000  -0.27019E-0006
   0.13702E+0003   0.72463E-0001   0.65984E+0000  -0.75702E-0006
   0.13753E+0003   0.92258E-0001   0.48312E+0000  -0.87229E-0006
   0.13805E+0003   0.80159E-0001   0.21363E+0000  -0.55905E-0006
   0.13852E+0003   0.64220E-0001  -0.67742E-0001  -0.62398E-0007
   0.13900E+0003   0.58761E-0001  -0.33697E+0000   0.61074E-0006
   0.13953E+0003   0.43783E-0001  -0.56398E+0000   0.52819E-0006
   0.14005E+0003  -0.27599E-0002  -0.67851E+0000  -0.57047E-0006
   0.14051E+0003  -0.71411E-0001  -0.67833E+0000  -0.13128E-0005
   0.14103E+0003  -0.16096E+0000  -0.57645E+0000  -0.65470E-0006
   0.14155E+0003  -0.23706E+0000  -0.39420E+0000   0.68293E-0006
   0.14201E+0003  -0.27601E+0000  -0.18742E+0000   0.10662E-0005
   0.14253E+0003  -0.27719E+0000   0.61608E-0001   0.14945E-0006
   0.14303E+0003  -0.23255E+0000   0.30317E+0000  -0.97645E-0006
   0.14353E+0003  -0.14841E+0000   0.50957E+0000  -0.10310E-0005
   0.14402E+0003  -0.43167E-0001   0.65135E+0000  -0.43084E-0007
   0.14452E+0003   0.54358E-0001   0.69868E+0000   0.89420E-0006
   0.14502E+0003   0.11775E+0000   0.62941E+0000   0.55870E-0006
   0.14553E+0003   0.14165E+0000   0.44094E+0000  -0.76400E-0006
   0.14600E+0003   0.13794E+0000   0.18986E+0000  -0.15433E-0005
   0.14653E+0003   0.12442E+0000  -0.13121E+0000  -0.75695E-0006
   0.14701E+0003   0.11883E+0000  -0.40297E+0000   0.79793E-0006
   0.14753E+0003   0.94719E-0001  -0.62261E+0000   0.14166E-0005
   0.14800E+0003   0.37784E-0001  -0.71518E+0000   0.45448E-0006
   0.14852E+0003  -0.62808E-0001  -0.69662E+0000  -0.11921E-0005
   0.14904E+0003  -0.17584E+0000  -0.56951E+0000  -0.17043E-0005
   0.14951E+0003  -0.26013E+0000  -0.38967E+0000  -0.68784E-0006
   0.15002E+0003  -0.31578E+0000  -0.14825E+0000   0.86838E-0006
   0.15054E+0003  -0.32226E+0000   0.10683E+0000   0.15486E-0005
   0.15104E+0003  -0.27915E+0000   0.34761E+0000   0.75815E-0006
   0.15154E+0003  -0.19268E+0000   0.54825E+0000  -0.74141E-0006
   0.15203E+0003  -0.83894E-0001   0.68157E+0000  -0.18954E-0005
   0.15253E+0003   0.18542E-0001   0.72032E+0000  -0.15979E-0005
   0.15303E+0003   0.88147E-0001   0.64462E+0000   0.17954E-0006
   0.15354E+0003   0.11583E+0000   0.45329E+0000   0.14610E-0005
   0.15401E+0003   0.11480E+0000   0.20279E+0000   0.10728E-0005
   0.15454E+0003   0.10107E+0000  -0.11577E+0000  -0.63493E-0006
   0.15501E+0003   0.93890E-0001  -0.38532E+0000  -0.14696E-0005
   0.15554E+0003   0.70409E-0001  -0.60479E+0000  -0.64262E-0006
   0.15601E+0003   0.17863E-0001  -0.70068E+0000   0.48458E-0006
   0.15653E+0003  -0.74591E-0001  -0.68890E+0000   0.60567E-0006
   0.15705E+0003  -0.17903E+0000  -0.57062E+0000  -0.15052E-0006
   0.15751E+0003  -0.25748E+0000  -0.39886E+0000  -0.70826E-0006
   0.15802E+0003  -0.30922E+0000  -0.16524E+0000  -0.47283E-0006
   0.15853E+0003  -0.31384E+0000   0.84272E-0001   0.11117E-0006
   0.15903E+0003  -0.26896E+0000   0.32205E+0000   0.27794E-0006
   0.15953E+0003  -0.18157E+0000   0.52231E+0000  -0.67470E-0008
   0.16002E+0003  -0.72205E-0001   0.65816E+0000  -0.29204E-0006
   0.16052E+0003   0.30627E-0001   0.70209E+0000  -0.19044E-0006
   0.16102E+0003   0.99524E-0001   0.63315E+0000  -0.88047E-0008
   0.16153E+0003   0.12507E+0000   0.44857E+0000  -0.27552E-0006
   0.16205E+0003   0.12043E+0000   0.17216E+0000  -0.59596E-0006
   0.16252E+0003   0.10591E+0000  -0.11346E+0000  -0.31519E-0006
   0.16305E+0003   0.95657E-0001  -0.40999E+0000   0.63064E-0006
   0.16353E+0003   0.74105E-0001  -0.60541E+0000   0.10119E-0005
   0.16405E+0003   0.16626E-0001  -0.70941E+0000  -0.36664E-0007
   0.16451E+0003  -0.65082E-0001  -0.69636E+0000  -0.13042E-0005
   0.16503E+0003  -0.16820E+0000  -0.57922E+0000  -0.14270E-0005
   0.16555E+0003  -0.25381E+0000  -0.38391E+0000   0.67520E-0007
   0.16601E+0003  -0.29900E+0000  -0.16840E+0000   0.12467E-0005
   0.16652E+0003  -0.30446E+0000   0.86751E-0001   0.10090E-0005
   0.16702E+0003  -0.26028E+0000   0.33087E+0000  -0.38991E-0006
   0.16751E+0003  -0.17324E+0000   0.53737E+0000  -0.13608E-0005
   0.16801E+0003  -0.63948E-0001   0.67858E+0000  -0.89340E-0006
   0.16850E+0003   0.38076E-0001   0.72612E+0000   0.32948E-0006
   0.16900E+0003   0.10538E+0000   0.65814E+0000   0.98432E-0006
   0.16951E+0003   0.13064E+0000   0.47108E+0000   0.13316E-0006
   0.17003E+0003   0.12786E+0000   0.18857E+0000  -0.97428E-0006
   0.17050E+0003   0.11762E+0000  -0.10484E+0000  -0.83302E-0006
   0.17104E+0003   0.11467E+0000  -0.41119E+0000   0.26133E-0006
   0.17151E+0003   0.97841E-0001  -0.61342E+0000   0.65525E-0006
   0.17203E+0003   0.38760E-0001  -0.71986E+0000  -0.51987E-0007
   0.17255E+0003  -0.59667E-0001  -0.69725E+0000  -0.64661E-0006
   0.17302E+0003  -0.16053E+0000  -0.58344E+0000  -0.32913E-0006
   0.17353E+0003  -0.25497E+0000  -0.38406E+0000   0.10414E-0007
   0.17405E+0003  -0.31132E+0000  -0.14134E+0000  -0.25738E-0006
   0.17450E+0003  -0.32102E+0000   0.87990E-0001  -0.37050E-0006
   0.17501E+0003  -0.28394E+0000   0.32921E+0000   0.14220E-0007
   0.17550E+0003  -0.20248E+0000   0.53177E+0000   0.60483E-0006
   0.17605E+0003  -0.85782E-0001   0.67890E+0000   0.56251E-0006
   0.17654E+0003   0.15245E-0001   0.71523E+0000  -0.31225E-0006
   0.17704E+0003   0.83960E-0001   0.63820E+0000  -0.12444E-0005
   0.17750E+0003   0.11094E+0000   0.46996E+0000  -0.12977E-0005
   0.17802E+0003   0.11404E+0000   0.19459E+0000  -0.22002E-0006
   0.17855E+0003   0.10692E+0000  -0.12557E+0000   0.10697E-0005
   0.17903E+0003   0.10460E+0000  -0.39677E+0000   0.97643E-0006
   0.17955E+0003   0.86346E-0001  -0.61715E+0000  -0.63632E-0006
   0.18002E+0003   0.34905E-0001  -0.71192E+0000  -0.16665E-0005
   0.18054E+0003  -0.58859E-0001  -0.69631E+0000  -0.86361E-0006
   0.18100E+0003  -0.15691E+0000  -0.58849E+0000   0.66082E-0006
   0.18152E+0003  -0.25132E+0000  -0.39381E+0000   0.14481E-0005
   0.18203E+0003  -0.30915E+0000  -0.15285E+0000   0.40255E-0006
   0.18254E+0003  -0.31821E+0000   0.10302E+0000  -0.11096E-0005
   0.18304E+0003  -0.27652E+0000   0.34548E+0000  -0.15008E-0005
   0.18353E+0003  -0.19170E+0000   0.54843E+0000  -0.37466E-0006
   0.18403E+0003  -0.84512E-0001   0.68484E+0000   0.99101E-0006
   0.18452E+0003   0.16524E-0001   0.72742E+0000   0.11818E-0005
   0.18502E+0003   0.84175E-0001   0.65564E+0000  -0.24573E-0006
   0.18553E+0003   0.11043E+0000   0.46718E+0000  -0.15590E-0005
   0.18605E+0003   0.10949E+0000   0.18620E+0000  -0.10309E-0005
   0.18653E+0003   0.10109E+0000  -0.10397E+0000   0.73836E-0006
   0.18700E+0003   0.99033E-0001  -0.37878E+0000   0.15181E-0005
   0.18753E+0003   0.83557E-0001  -0.60557E+0000  -0.14767E-0008
   0.18805E+0003   0.28748E-0001  -0.71215E+0000  -0.16122E-0005
   0.18852E+0003  -0.52791E-0001  -0.69950E+0000  -0.10952E-0005
   0.18903E+0003  -0.15834E+0000  -0.58161E+0000   0.80242E-0006
   0.18955E+0003  -0.24854E+0000  -0.38510E+0000   0.12408E-0005
   0.19001E+0003  -0.29884E+0000  -0.16883E+0000  -0.13439E-0006
   0.19052E+0003  -0.30933E+0000   0.86062E-0001  -0.13688E-0005
   0.19102E+0003  -0.26955E+0000   0.32864E+0000  -0.96716E-0006
   0.19151E+0003  -0.18644E+0000   0.53276E+0000   0.33656E-0006
   0.19201E+0003  -0.79910E-0001   0.67139E+0000   0.90904E-0006
   0.19250E+0003   0.22048E-0001   0.71690E+0000   0.16775E-0006
   0.19300E+0003   0.93114E-0001   0.64793E+0000  -0.77197E-0006
   0.19351E+0003   0.12470E+0000   0.46111E+0000  -0.66638E-0006
   0.19403E+0003   0.12840E+0000   0.17988E+0000   0.25528E-0006
   0.19450E+0003   0.12445E+0000  -0.11216E+0000   0.57857E-0006
   0.19503E+0003   0.12314E+0000  -0.41730E+0000  -0.23355E-0006
   0.19551E+0003   0.10744E+0000  -0.61888E+0000  -0.82534E-0006
   0.19603E+0003   0.48320E-0001  -0.72486E+0000  -0.38171E-0006
   0.19655E+0003  -0.51866E-0001  -0.70155E+0000   0.47806E-0006
   0.19701E+0003  -0.15550E+0000  -0.58700E+0000   0.55939E-0006
   0.19753E+0003  -0.25372E+0000  -0.38672E+0000  -0.29354E-0006
   0.19804E+0003  -0.31308E+0000  -0.14279E+0000  -0.81669E-0006
   0.19855E+0003  -0.32307E+0000   0.11344E+0000  -0.41807E-0006
   0.19905E+0003  -0.28256E+0000   0.35398E+0000   0.27649E-0006
   0.19954E+0003  -0.19839E+0000   0.55336E+0000   0.58295E-0006
   0.20004E+0003  -0.91516E-0001   0.68514E+0000   0.37225E-0006
   0.20053E+0003   0.10026E-0001   0.72270E+0000   0.10309E-0006
   0.20103E+0003   0.79874E-0001   0.64616E+0000  -0.15416E-0006
   0.20154E+0003   0.11021E+0000   0.45397E+0000  -0.52618E-0006
   0.20201E+0003   0.11339E+0000   0.20229E+0000  -0.62721E-0006
   0.20254E+0003   0.10779E+0000  -0.11849E+0000  -0.40250E-0006
   0.20301E+0003   0.10621E+0000  -0.39090E+0000   0.13875E-0006
   0.20354E+0003   0.88397E-0001  -0.61292E+0000   0.41555E-0006
   0.20401E+0003   0.36664E-0001  -0.70897E+0000  -0.76142E-0007
   0.20453E+0003  -0.57820E-0001  -0.69486E+0000  -0.72619E-0006
   0.20504E+0003  -0.16660E+0000  -0.57294E+0000  -0.57962E-0006
   0.20551E+0003  -0.24969E+0000  -0.39770E+0000   0.21887E-0006
   0.20602E+0003  -0.30666E+0000  -0.16066E+0000   0.73736E-0006
   0.20653E+0003  -0.31587E+0000   0.91464E-0001   0.35701E-0006
   0.20703E+0003  -0.27546E+0000   0.33097E+0000  -0.29555E-0006
   0.20752E+0003  -0.19228E+0000   0.53221E+0000  -0.69504E-0006
   0.20801E+0003  -0.86149E-0001   0.66853E+0000  -0.59674E-0006
   0.20851E+0003   0.15707E-0001   0.71281E+0000  -0.17627E-0007
   0.20901E+0003   0.86359E-0001   0.64418E+0000   0.42796E-0006
   0.20952E+0003   0.11655E+0000   0.45957E+0000   0.23009E-0006
   0.21003E+0003   0.11881E+0000   0.18219E+0000  -0.53126E-0006
   0.21051E+0003   0.11256E+0000  -0.10576E+0000  -0.96784E-0006
   0.21104E+0003   0.10980E+0000  -0.40678E+0000  -0.29808E-0006
   0.21151E+0003   0.92374E-0001  -0.60623E+0000   0.78329E-0006
   0.21203E+0003   0.34169E-0001  -0.71256E+0000   0.95680E-0006
   0.21250E+0003  -0.50881E-0001  -0.69973E+0000  -0.44244E-0007
   0.21302E+0003  -0.15918E+0000  -0.58229E+0000  -0.10338E-0005
   0.21353E+0003  -0.25060E+0000  -0.38710E+0000  -0.59005E-0006
   0.21404E+0003  -0.30460E+0000  -0.14720E+0000   0.44178E-0006
   0.21450E+0003  -0.31246E+0000   0.81531E-0001   0.58468E-0006
   0.21500E+0003  -0.27423E+0000   0.32412E+0000  -0.12969E-0006
   0.21555E+0003  -0.18261E+0000   0.54688E+0000  -0.70010E-0006
   0.21604E+0003  -0.75687E-0001   0.68009E+0000  -0.37514E-0006
   0.21653E+0003   0.24647E-0001   0.71900E+0000   0.11953E-0006
   0.21704E+0003   0.91864E-0001   0.64324E+0000   0.11725E-0006
   0.21755E+0003   0.11931E+0000   0.45109E+0000  -0.23259E-0006
   0.21801E+0003   0.12083E+0000   0.19883E+0000  -0.24979E-0006
   0.21854E+0003   0.11467E+0000  -0.12278E+0000   0.20590E-0006
   0.21902E+0003   0.11335E+0000  -0.39552E+0000   0.45891E-0006
   0.21954E+0003   0.94895E-0001  -0.61693E+0000   0.46482E-0007
   0.22001E+0003   0.41830E-0001  -0.71141E+0000  -0.49079E-0006
   0.22053E+0003  -0.53948E-0001  -0.69502E+0000  -0.42462E-0006
   0.22105E+0003  -0.16366E+0000  -0.57075E+0000   0.19272E-0007
   0.22151E+0003  -0.24735E+0000  -0.39359E+0000  -0.26542E-0007
   0.22202E+0003  -0.30501E+0000  -0.15476E+0000  -0.55565E-0006
   0.22253E+0003  -0.31550E+0000   0.98473E-0001  -0.61915E-0006
   0.22303E+0003  -0.27695E+0000   0.33811E+0000   0.11175E-0006
   0.22353E+0003  -0.19550E+0000   0.53845E+0000   0.80770E-0006
   0.22402E+0003  -0.90790E-0001   0.67296E+0000   0.62698E-0006
   0.22452E+0003   0.97773E-0002   0.71480E+0000  -0.15040E-0006
   0.22502E+0003   0.79980E-0001   0.64359E+0000  -0.78984E-0006
   0.22553E+0003   0.11116E+0000   0.45685E+0000  -0.38133E-0006
   0.22604E+0003   0.11435E+0000   0.17855E+0000   0.33698E-0006
   0.22652E+0003   0.10887E+0000  -0.10884E+0000   0.31912E-0006
   0.22705E+0003   0.10612E+0000  -0.40788E+0000  -0.36241E-0006
   0.22752E+0003   0.88132E-0001  -0.60489E+0000  -0.67819E-0006
   0.22804E+0003   0.29312E-0001  -0.70880E+0000  -0.14533E-0006
   0.22851E+0003  -0.55661E-0001  -0.69459E+0000   0.41323E-0006
   0.22903E+0003  -0.16291E+0000  -0.57677E+0000   0.18820E-0006
   0.22954E+0003  -0.25300E+0000  -0.38213E+0000  -0.61469E-0006
   0.23000E+0003  -0.30277E+0000  -0.16825E+0000  -0.96326E-0006
   0.23051E+0003  -0.31331E+0000   0.84524E-0001  -0.26394E-0006
   0.23101E+0003  -0.27465E+0000   0.32615E+0000   0.95468E-0006
   0.23151E+0003  -0.19296E+0000   0.53049E+0000   0.15147E-0005
   0.23200E+0003  -0.87649E-0001   0.67052E+0000   0.68583E-0006
   0.23255E+0003   0.22268E-0001   0.71748E+0000  -0.11123E-0005
   0.23305E+0003   0.87953E-0001   0.64048E+0000  -0.20839E-0005
   0.23351E+0003   0.11295E+0000   0.47169E+0000  -0.15151E-0005
   0.23402E+0003   0.11433E+0000   0.19584E+0000   0.23286E-0006
   0.23455E+0003   0.10641E+0000  -0.12412E+0000   0.16941E-0005
   0.23503E+0003   0.10407E+0000  -0.39455E+0000   0.14697E-0005
   0.23550E+0003   0.88166E-0001  -0.59678E+0000  -0.16213E-0006
   0.23602E+0003   0.32534E-0001  -0.70707E+0000  -0.18056E-0005
   0.23654E+0003  -0.60580E-0001  -0.69104E+0000  -0.16224E-0005
   0.23701E+0003  -0.15675E+0000  -0.58410E+0000   0.55277E-0007
   0.23752E+0003  -0.24741E+0000  -0.39164E+0000   0.17705E-0005
   0.23804E+0003  -0.30171E+0000  -0.15349E+0000   0.16284E-0005
   0.23854E+0003  -0.30922E+0000   0.99539E-0001  -0.16601E-0006
   0.23904E+0003  -0.26764E+0000   0.33929E+0000  -0.16831E-0005
   0.23954E+0003  -0.18363E+0000   0.53972E+0000  -0.18116E-0005
   0.24003E+0003  -0.77413E-0001   0.67386E+0000  -0.49991E-0006
   0.24053E+0003   0.22547E-0001   0.71434E+0000   0.87930E-0006
   0.24103E+0003   0.90044E-0001   0.64065E+0000   0.12853E-0005
   0.24154E+0003   0.11820E+0000   0.45065E+0000   0.16005E-0006
   0.24201E+0003   0.12024E+0000   0.20001E+0000  -0.10852E-0005
   0.24253E+0003   0.11373E+0000  -0.12043E+0000  -0.12716E-0005
   0.24301E+0003   0.11162E+0000  -0.39285E+0000  -0.17164E-0007
   0.24354E+0003   0.92847E-0001  -0.61499E+0000   0.14358E-0005
   0.24401E+0003   0.40499E-0001  -0.71095E+0000   0.14359E-0005
   0.24453E+0003  -0.54659E-0001  -0.69652E+0000  -0.34927E-0006
   0.24504E+0003  -0.16433E+0000  -0.57380E+0000  -0.18780E-0005
   0.24551E+0003  -0.24808E+0000  -0.39746E+0000  -0.16395E-0005
   0.24602E+0003  -0.30537E+0000  -0.15891E+0000   0.17449E-0006
   0.24653E+0003  -0.31500E+0000   0.94725E-0001   0.16666E-0005
   0.24703E+0003  -0.27532E+0000   0.33541E+0000   0.14968E-0005
   0.24752E+0003  -0.19263E+0000   0.53731E+0000  -0.18193E-0006
   0.24802E+0003  -0.86816E-0001   0.67366E+0000  -0.16726E-0005
   0.24851E+0003   0.14078E-0001   0.71724E+0000  -0.18071E-0005
   0.24901E+0003   0.83380E-0001   0.64737E+0000  -0.26743E-0006
   0.24952E+0003   0.11264E+0000   0.46141E+0000   0.15167E-0005
   0.25004E+0003   0.11390E+0000   0.18319E+0000   0.18889E-0005
   0.25051E+0003   0.10649E+0000  -0.10467E+0000   0.45936E-0006
   0.25105E+0003   0.10332E+0000  -0.40470E+0000  -0.14029E-0005
   0.25152E+0003   0.85731E-0001  -0.60289E+0000  -0.18121E-0005
   0.25204E+0003   0.27880E-0001  -0.70807E+0000  -0.36447E-0006
   0.25251E+0003  -0.56563E-0001  -0.69470E+0000   0.11535E-0005
   0.25303E+0003  -0.16373E+0000  -0.57745E+0000   0.13155E-0005
   0.25354E+0003  -0.25354E+0000  -0.38319E+0000  -0.91743E-0007
   0.25400E+0003  -0.30274E+0000  -0.16966E+0000  -0.12282E-0005
   0.25451E+0003  -0.31271E+0000   0.82548E-0001  -0.12736E-0005
   0.25501E+0003  -0.27360E+0000   0.32345E+0000  -0.45338E-0007
   0.25551E+0003  -0.19143E+0000   0.52705E+0000   0.11495E-0005
   0.25605E+0003  -0.74685E-0001   0.67584E+0000   0.12398E-0005
   0.25654E+0003   0.24915E-0001   0.71320E+0000   0.79077E-0007
   0.25705E+0003   0.90987E-0001   0.63632E+0000  -0.11526E-0005
   0.25750E+0003   0.11605E+0000   0.46782E+0000  -0.14691E-0005
   0.25802E+0003   0.11769E+0000   0.19229E+0000  -0.38939E-0006
   0.25855E+0003   0.10957E+0000  -0.12737E+0000   0.10293E-0005
   0.25903E+0003   0.10650E+0000  -0.39744E+0000   0.14039E-0005
   0.25950E+0003   0.89504E-0001  -0.59927E+0000   0.23595E-0006
   0.26002E+0003   0.32982E-0001  -0.70909E+0000  -0.12195E-0005
   0.26054E+0003  -0.61278E-0001  -0.69254E+0000  -0.13379E-0005
   0.26101E+0003  -0.15825E+0000  -0.58509E+0000  -0.14896E-0006
   0.26152E+0003  -0.24948E+0000  -0.39207E+0000   0.10322E-0005
   0.26203E+0003  -0.30374E+0000  -0.15345E+0000   0.94011E-0006
   0.26254E+0003  -0.31076E+0000   0.10001E+0000  -0.19898E-0006
   0.26304E+0003  -0.26869E+0000   0.34021E+0000  -0.10836E-0005
   0.26354E+0003  -0.18418E+0000   0.54115E+0000  -0.95574E-0006
   0.26403E+0003  -0.77499E-0001   0.67582E+0000   0.21839E-0007
   0.26453E+0003   0.22749E-0001   0.71681E+0000   0.95823E-0006
   0.26503E+0003   0.89956E-0001   0.64357E+0000   0.89346E-0006
   0.26554E+0003   0.11710E+0000   0.45398E+0000  -0.16816E-0006
   0.26600E+0003   0.11818E+0000   0.20362E+0000  -0.11046E-0005
   0.26653E+0003   0.11032E+0000  -0.11671E+0000  -0.10906E-0005
   0.26701E+0003   0.10794E+0000  -0.38928E+0000  -0.46697E-0007
   0.26754E+0003   0.89361E-0001  -0.61193E+0000   0.10139E-0005
   0.26801E+0003   0.37783E-0001  -0.70866E+0000   0.93789E-0006
   0.26852E+0003  -0.56143E-0001  -0.69523E+0000  -0.28276E-0006
   0.26904E+0003  -0.16464E+0000  -0.57345E+0000  -0.12445E-0005
   0.26951E+0003  -0.24750E+0000  -0.39776E+0000  -0.10157E-0005
   0.27002E+0003  -0.30423E+0000  -0.15965E+0000   0.22353E-0006
   0.27053E+0003  -0.31379E+0000   0.93723E-0001   0.11959E-0005
   0.27103E+0003  -0.27410E+0000   0.33422E+0000   0.91407E-0006
   0.27152E+0003  -0.19146E+0000   0.53598E+0000  -0.27606E-0006
   0.27202E+0003  -0.85629E-0001   0.67229E+0000  -0.12657E-0005
   0.27251E+0003   0.15317E-0001   0.71595E+0000  -0.12779E-0005
   0.27301E+0003   0.84709E-0001   0.64626E+0000  -0.20320E-0006
   0.27352E+0003   0.11403E+0000   0.46045E+0000   0.91075E-0006
   0.27404E+0003   0.11565E+0000   0.18215E+0000   0.11108E-0005
   0.27451E+0003   0.10858E+0000  -0.10594E+0000   0.80471E-0007
   0.27504E+0003   0.10527E+0000  -0.40627E+0000  -0.11483E-0005
   0.27552E+0003   0.87567E-0001  -0.60470E+0000  -0.12426E-0005
   0.27604E+0003   0.29582E-0001  -0.71006E+0000  -0.20944E-0009
   0.27651E+0003  -0.55076E-0001  -0.69669E+0000   0.11142E-0005
   0.27702E+0003  -0.16272E+0000  -0.57909E+0000   0.10531E-0005
   0.27754E+0003  -0.25319E+0000  -0.38414E+0000  -0.24717E-0006
   0.27800E+0003  -0.30302E+0000  -0.16979E+0000  -0.12938E-0005
   0.27851E+0003  -0.31348E+0000   0.83391E-0001  -0.13229E-0005
   0.27901E+0003  -0.27455E+0000   0.32516E+0000  -0.96102E-0007
   0.27951E+0003  -0.19236E+0000   0.52951E+0000   0.12139E-0005
   0.28005E+0003  -0.75480E-0001   0.67892E+0000   0.14730E-0005
   0.28054E+0003   0.24174E-0001   0.71657E+0000   0.28509E-0006
   0.28105E+0003   0.90101E-0001   0.63968E+0000  -0.11801E-0005
   0.28150E+0003   0.11493E+0000   0.47090E+0000  -0.18751E-0005
   0.28202E+0003   0.11633E+0000   0.19477E+0000  -0.10414E-0005
   0.28255E+0003   0.10827E+0000  -0.12571E+0000   0.75266E-0006
   0.28303E+0003   0.10570E+0000  -0.39662E+0000   0.17719E-0005
   0.28350E+0003   0.89720E-0001  -0.59920E+0000   0.12963E-0005
   0.28402E+0003   0.33802E-0001  -0.70953E+0000  -0.42066E-0006
   0.28454E+0003  -0.60237E-0001  -0.69302E+0000  -0.16178E-0005
   0.28501E+0003  -0.15745E+0000  -0.58532E+0000  -0.12784E-0005
   0.28552E+0003  -0.24918E+0000  -0.39190E+0000   0.13361E-0006
   0.28603E+0003  -0.30408E+0000  -0.15292E+0000   0.11918E-0005
   0.28654E+0003  -0.31168E+0000   0.10068E+0000   0.88487E-0006
   0.28704E+0003  -0.26996E+0000   0.34076E+0000  -0.38351E-0006
   0.28754E+0003  -0.18567E+0000   0.54136E+0000  -0.13742E-0005
   0.28803E+0003  -0.79092E-0001   0.67562E+0000  -0.11707E-0005
   0.28853E+0003   0.21291E-0001   0.71624E+0000   0.67336E-0007
   0.28903E+0003   0.89001E-0001   0.64277E+0000   0.11642E-0005
   0.28954E+0003   0.11681E+0000   0.45307E+0000   0.12352E-0005
   0.29000E+0003   0.11840E+0000   0.20268E+0000   0.12375E-0006
   0.29053E+0003   0.11107E+0000  -0.11767E+0000  -0.11292E-0005
   0.29101E+0003   0.10869E+0000  -0.39029E+0000  -0.12533E-0005
   0.29154E+0003   0.90130E-0001  -0.61305E+0000  -0.11711E-0006
   0.29200E+0003   0.38525E-0001  -0.70991E+0000   0.10146E-0005
   0.29252E+0003  -0.55618E-0001  -0.69656E+0000   0.12650E-0005
   0.29304E+0003  -0.16454E+0000  -0.57471E+0000  -0.47135E-0007
   0.29350E+0003  -0.24784E+0000  -0.39884E+0000  -0.13652E-0005
   0.29402E+0003  -0.30490E+0000  -0.16048E+0000  -0.17623E-0005
   0.29453E+0003  -0.31442E+0000   0.93227E-0001  -0.61055E-0006
   0.29503E+0003  -0.27449E+0000   0.33415E+0000   0.10354E-0005
   0.29552E+0003  -0.19151E+0000   0.53642E+0000   0.19716E-0005
   0.29601E+0003  -0.85383E-0001   0.67325E+0000   0.13482E-0005
   0.29651E+0003   0.15831E-0001   0.71736E+0000  -0.31481E-0006
   0.29701E+0003   0.85277E-0001   0.64797E+0000  -0.17007E-0005
   0.29752E+0003   0.11441E+0000   0.46221E+0000  -0.17444E-0005
   0.29804E+0003   0.11584E+0000   0.18371E+0000  -0.16250E-0006
   0.29851E+0003   0.10872E+0000  -0.10480E+0000   0.13650E-0005
   0.29904E+0003   0.10571E+0000  -0.40579E+0000   0.16866E-0005
   0.29952E+0003   0.88503E-0001  -0.60481E+0000   0.32528E-0006
   0.00000E+0000   0.00000E+0000   0.00000E+0000   0.00000E+0000
   0.00000E+0000   0.00000E+0000   0.00000E+0000   0.00000E+0000
   0.00000E+0000   0.00000E+0000   0.00000E+0000   0.00000E+0000
   0.00000E+0000   0.00000E+0000   0.00000E+0000   0.00000E+0000
   0.00000E+0000   0.00000E+0000   0.00000E+0000   0.00000E+0000
   0.00000E+0000   0.00000E+0000   0.00000E+0000   0.00000E+0000
   0.00000E+0000   0.00000E+0000   0.00000E+0000   0.00000E+0000
   0.00000E+0000   0.00000E+0000   0.00000E+0000   0.00000E+0000
   0.00000E+0000   0.00000E+0000   0.00000E+0000   0.00000E+0000
   0.00000E+0000   0.00000E+0000   0.00000E+0000   0.00000E+0000
   0.00000E+0000   0.00000E+0000   0.00000E+0000   0.00000E+0000
   0.00000E+0000   0.00000E+0000   0.00000E+0000   0.00000E+0000
   0.00000E+0000   0.00000E+0000   0.00000E+0000   0.00000E+0000
   0.00000E+0000   0.00000E+0000   0.00000E+0000   0.00000E+0000
   0.00000E+0000   0.00000E+0000   0.00000E+0000   0.00000E+0000
   0.00000E+0000   0.00000E+0000   0.00000E+0000   0.00000E+0000
   0.00000E+0000   0.00000E+0000   0.00000E+0000   0.00000E+0000
   0.00000E+0000   0.00000E+0000   0.00000E+0000   0.00000E+0000
   0.00000E+0000   0.00000E+0000   0.00000E+0000   0.00000E+0000
   0.00000E+0000   0.00000E+0000   0.00000E+0000   0.00000E+0000
   0.00000E+0000   0.00000E+0000   0.00000E+0000   0.00000E+0000
   0.00000E+0000   0.00000E+0000   0.00000E+0000   0.00000E+0000
   0.00000E+0000   0.00000E+0000   0.00000E+0000   0.00000E+0000
   0.00000E+0000   0.00000E+0000   0.00000E+0000   0.00000E+0000
   0.00000E+0000   0.00000E+0000   0.00000E+0000   0.00000E+0000
   0.00000E+0000   0.00000E+0000   0.00000E+0000   0.00000E+0000
   0.00000E+0000   0.00000E+0000   0.00000E+0000   0.00000E+0000
   0.00000E+0000   0.00000E+0000   0.00000E+0000   0.00000E+0000
   0.00000E+0000   0.00000E+0000   0.00000E+0000   0.00000E+0000
   0.00000E+0000   0.00000E+0000   0.00000E+0000   0.00000E+0000
   0.00000E+0000   0.00000E+0000   0.00000E+0000   0.00000E+0000
   0.00000E+0000   0.00000E+0000   0.00000E+0000   0.00000E+0000
   0.00000E+0000   0.00000E+0000   0.00000E+0000   0.00000E+0000
   0.00000E+0000   0.00000E+0000   0.00000E+0000   0.00000E+0000
   0.00000E+0000   0.00000E+0000   0.00000E+0000   0.00000E+0000
   0.00000E+0000   0.00000E+0000   0.00000E+0000   0.00000E+0000
   0.00000E+0000   0.00000E+0000   0.00000E+0000   0.00000E+0000
   0.00000E+0000   0.00000E+0000   0.00000E+0000   0.00000E+0000
   0.00000E+0000   0.00000E+0000   0.00000E+0000   0.00000E+0000
   0.00000E+0000   0.00000E+0000   0.00000E+0000   0.00000E+0000
   0.00000E+0000   0.00000E+0000   0.00000E+0000   0.00000E+0000
   0.00000E+0000   0.00000E+0000   0.00000E+0000   0.00000E+0000
   0.00000E+0000   0.00000E+0000   0.00000E+0000   0.00000E+0000
   0.00000E+0000   0.00000E+0000   0.00000E+0000   0.00000E+0000
   0.00000E+0000   0.00000E+0000   0.00000E+0000   0.00000E+0000
   0.00000E+0000   0.00000E+0000   0.00000E+0000   0.00000E+0000
   0.00000E+0000   0.00000E+0000   0.00000E+0000   0.00000E+0000
   0.00000E+0000   0.00000E+0000   0.00000E+0000   0.00000E+0000
   0.00000E+0000   0.00000E+0000   0.00000E+0000   0.00000E+0000
   0.00000E+0000   0.00000E+0000   0.00000E+0000   0.00000E+0000
   0.00000E+0000   0.00000E+0000   0.00000E+0000   0.00000E+0000
   0.00000E+0000   0.00000E+0000   0.00000E+0000   0.00000E+0000
   0.00000E+0000   0.00000E+0000   0.00000E+0000   0.00000E+0000
   0.00000E+0000   0.00000E+0000   0.00000E+0000   0.00000E+0000
   0.00000E+0000   0.00000E+0000   0.00000E+0000   0.00000E+0000
   0.00000E+0000   0.00000E+0000   0.00000E+0000   0.00000E+0000
   0.00000E+0000   0.00000E+0000   0.00000E+0000   0.00000E+0000
   0.00000E+0000   0.00000E+0000   0.00000E+0000   0.00000E+0000
   0.00000E+0000   0.00000E+0000   0.00000E+0000   0.00000E+0000
   0.00000E+0000   0.00000E+0000   0.00000E+0000   0.00000E+0000
   0.00000E+0000   0.00000E+0000   0.00000E+0000   0.00000E+0000
   0.00000E+0000   0.00000E+0000   0.00000E+0000   0.00000E+0000
   0.00000E+0000   0.00000E+0000   0.00000E+0000   0.00000E+0000
   0.00000E+0000   0.00000E+0000   0.00000E+0000   0.00000E+0000
   0.00000E+0000   0.00000E+0000   0.00000E+0000   0.00000E+0000
   0.00000E+0000   0.00000E+0000   0.00000E+0000   0.00000E+0000
   0.00000E+0000   0.00000E+0000   0.00000E+0000   0.00000E+0000
   0.00000E+0000   0.00000E+0000   0.00000E+0000   0.00000E+0000
   0.00000E+0000   0.00000E+0000   0.00000E+0000   0.00000E+0000
   0.00000E+0000   0.00000E+0000   0.00000E+0000   0.00000E+0000
   0.00000E+0000   0.00000E+0000   0.00000E+0000   0.00000E+0000
   0.00000E+0000   0.00000E+0000   0.00000E+0000   0.00000E+0000
   0.00000E+0000   0.00000E+0000   0.00000E+0000   0.00000E+0000
   0.00000E+0000   0.00000E+0000   0.00000E+0000   0.00000E+0000
   0.00000E+0000   0.00000E+0000   0.00000E+0000   0.00000E+0000
   0.00000E+0000   0.00000E+0000   0.00000E+0000   0.00000E+0000
   0.00000E+0000   0.00000E+0000   0.00000E+0000   0.00000E+0000
   0.00000E+0000   0.00000E+0000   0.00000E+0000   0.00000E+0000
   0.00000E+0000   0.00000E+0000   0.00000E+0000   0.00000E+0000
   0.00000E+0000   0.00000E+0000   0.00000E+0000   0.00000E+0000
   0.00000E+0000   0.00000E+0000   0.00000E+0000   0.00000E+0000
   0.00000E+0000   0.00000E+0000   0.00000E+0000   0.00000E+0000
   0.00000E+0000   0.00000E+0000   0.00000E+0000   0.00000E+0000
   0.00000E+0000   0.00000E+0000   0.00000E+0000   0.00000E+0000
   0.00000E+0000   0.00000E+0000   0.00000E+0000   0.00000E+0000
   0.00000E+0000   0.00000E+0000   0.00000E+0000   0.00000E+0000
   0.00000E+0000   0.00000E+0000   0.00000E+0000   0.00000E+0000
   0.00000E+0000   0.00000E+0000   0.00000E+0000   0.00000E+0000
   0.00000E+0000   0.00000E+0000   0.00000E+0000   0.00000E+0000
   0.00000E+0000   0.00000E+0000   0.00000E+0000   0.00000E+0000
   0.00000E+0000   0.00000E+0000   0.00000E+0000   0.00000E+0000
   0.00000E+0000   0.00000E+0000   0.00000E+0000   0.00000E+0000
   0.00000E+0000   0.00000E+0000   0.00000E+0000   0.00000E+0000
   0.00000E+0000   0.00000E+0000   0.00000E+0000   0.00000E+0000
   0.00000E+0000   0.00000E+0000   0.00000E+0000   0.00000E+0000
   0.00000E+0000   0.00000E+0000   0.00000E+0000   0.00000E+0000
   0.00000E+0000   0.00000E+0000   0.00000E+0000   0.00000E+0000
   0.00000E+0000   0.00000E+0000   0.00000E+0000   0.00000E+0000
   0.00000E+0000   0.00000E+0000   0.00000E+0000   0.00000E+0000
   0.00000E+0000   0.00000E+0000   0.00000E+0000   0.00000E+0000
   0.00000E+0000   0.00000E+0000   0.00000E+0000   0.00000E+0000
   0.00000E+0000   0.00000E+0000   0.00000E+0000   0.00000E+0000
   0.00000E+0000   0.00000E+0000   0.00000E+0000   0.00000E+0000
   0.00000E+0000   0.00000E+0000   0.00000E+0000   0.00000E+0000
   0.00000E+0000   0.00000E+0000   0.00000E+0000   0.00000E+0000
   0.00000E+0000   0.00000E+0000   0.00000E+0000   0.00000E+0000
   0.00000E+0000   0.00000E+0000   0.00000E+0000   0.00000E+0000
   0.00000E+0000   0.00000E+0000   0.00000E+0000   0.00000E+0000
   0.00000E+0000   0.00000E+0000   0.00000E+0000   0.00000E+0000
   0.00000E+0000   0.00000E+0000   0.00000E+0000   0.00000E+0000
   0.00000E+0000   0.00000E+0000   0.00000E+0000   0.00000E+0000
   0.00000E+0000   0.00000E+0000   0.00000E+0000   0.00000E+0000
   0.00000E+0000   0.00000E+0000   0.00000E+0000   0.00000E+0000
   0.00000E+0000   0.00000E+0000   0.00000E+0000   0.00000E+0000
   0.00000E+0000   0.00000E+0000   0.00000E+0000   0.00000E+0000
   0.00000E+0000   0.00000E+0000   0.00000E+0000   0.00000E+0000
   0.00000E+0000   0.00000E+0000   0.00000E+0000   0.00000E+0000
   0.00000E+0000   0.00000E+0000   0.00000E+0000   0.00000E+0000
   0.00000E+0000   0.00000E+0000   0.00000E+0000   0.00000E+0000
   0.00000E+0000   0.00000E+0000   0.00000E+0000   0.00000E+0000
   0.00000E+0000   0.00000E+0000   0.00000E+0000   0.00000E+0000
   0.00000E+0000   0.00000E+0000   0.00000E+0000   0.00000E+0000
   0.00000E+0000   0.00000E+0000   0.00000E+0000   0.00000E+0000
   0.00000E+0000   0.00000E+0000   0.00000E+0000   0.00000E+0000
   0.00000E+0000   0.00000E+0000   0.00000E+0000   0.00000E+0000
   0.00000E+0000   0.00000E+0000   0.00000E+0000   0.00000E+0000
   0.00000E+0000   0.00000E+0000   0.00000E+0000   0.00000E+0000
   0.00000E+0000   0.00000E+0000   0.00000E+0000   0.00000E+0000
   0.00000E+0000   0.00000E+0000   0.00000E+0000   0.00000E+0000
   0.00000E+0000   0.00000E+0000   0.00000E+0000   0.00000E+0000
   0.00000E+0000   0.00000E+0000   0.00000E+0000   0.00000E+0000
   0.00000E+0000   0.00000E+0000   0.00000E+0000   0.00000E+0000
   0.00000E+0000   0.00000E+0000   0.00000E+0000   0.00000E+0000
   0.00000E+0000   0.00000E+0000   0.00000E+0000   0.00000E+0000
   0.00000E+0000   0.00000E+0000   0.00000E+0000   0.00000E+0000
   0.00000E+0000   0.00000E+0000   0.00000E+0000   0.00000E+0000
   0.00000E+0000   0.00000E+0000   0.00000E+0000   0.00000E+0000
   0.00000E+0000   0.00000E+0000   0.00000E+0000   0.00000E+0000
   0.00000E+0000   0.00000E+0000   0.00000E+0000   0.00000E+0000
   0.00000E+0000   0.00000E+0000   0.00000E+0000   0.00000E+0000
   0.00000E+0000   0.00000E+0000   0.00000E+0000   0.00000E+0000
   0.00000E+0000   0.00000E+0000   0.00000E+0000   0.00000E+0000
   0.00000E+0000   0.00000E+0000   0.00000E+0000   0.00000E+0000
   0.00000E+0000   0.00000E+0000   0.00000E+0000   0.00000E+0000
   0.00000E+0000   0.00000E+0000   0.00000E+0000   0.00000E+0000
   0.00000E+0000   0.00000E+0000   0.00000E+0000   0.00000E+0000
   0.00000E+0000   0.00000E+0000   0.00000E+0000   0.00000E+0000
   0.00000E+0000   0.00000E+0000   0.00000E+0000   0.00000E+0000
   0.00000E+0000   0.00000E+0000   0.00000E+0000   0.00000E+0000
   0.00000E+0000   0.00000E+0000   0.00000E+0000   0.00000E+0000
   0.00000E+0000   0.00000E+0000   0.00000E+0000   0.00000E+0000
   0.00000E+0000   0.00000E+0000   0.00000E+0000   0.00000E+0000
   0.00000E+0000   0.00000E+0000   0.00000E+0000   0.00000E+0000
   0.00000E+0000   0.00000E+0000   0.00000E+0000   0.00000E+0000
   0.00000E+0000   0.00000E+0000   0.00000E+0000   0.00000E+0000
   0.00000E+0000   0.00000E+0000   0.00000E+0000   0.00000E+0000
   0.00000E+0000   0.00000E+0000   0.00000E+0000   0.00000E+0000
   0.00000E+0000   0.00000E+0000   0.00000E+0000   0.00000E+0000
   0.00000E+0000   0.00000E+0000   0.00000E+0000   0.00000E+0000
   0.00000E+0000   0.00000E+0000   0.00000E+0000   0.00000E+0000
   0.00000E+0000   0.00000E+0000   0.00000E+0000   0.00000E+0000
   0.00000E+0000   0.00000E+0000   0.00000E+0000   0.00000E+0000
   0.00000E+0000   0.00000E+0000   0.00000E+0000   0.00000E+0000
   0.00000E+0000   0.00000E+0000   0.00000E+0000   0.00000E+0000
   0.00000E+0000   0.00000E+0000   0.00000E+0000   0.00000E+0000
   0.00000E+0000   0.00000E+0000   0.00000E+0000   0.00000E+0000
   0.00000E+0000   0.00000E+0000   0.00000E+0000   0.00000E+0000
   0.00000E+0000   0.00000E+0000   0.00000E+0000   0.00000E+0000
   0.00000E+0000   0.00000E+0000   0.00000E+0000   0.00000E+0000
   0.00000E+0000   0.00000E+0000   0.00000E+0000   0.00000E+0000
   0.00000E+0000   0.00000E+0000   0.00000E+0000   0.00000E+0000
   0.00000E+0000   0.00000E+0000   0.00000E+0000   0.00000E+0000
   0.00000E+0000   0.00000E+0000   0.00000E+0000   0.00000E+0000
   0.00000E+0000   0.00000E+0000   0.00000E+0000   0.00000E+0000
   0.00000E+0000   0.00000E+0000   0.00000E+0000   0.00000E+0000
   0.00000E+0000   0.00000E+0000   0.00000E+0000   0.00000E+0000
   0.00000E+0000   0.00000E+0000   0.00000E+0000   0.00000E+0000
   0.00000E+0000   0.00000E+0000   0.00000E+0000   0.00000E+0000
   0.00000E+0000   0.00000E+0000   0.00000E+0000   0.00000E+0000
   0.00000E+0000   0.00000E+0000   0.00000E+0000   0.00000E+0000
   0.00000E+0000   0.00000E+0000   0.00000E+0000   0.00000E+0000
   0.00000E+0000   0.00000E+0000   0.00000E+0000   0.00000E+0000
   0.00000E+0000   0.00000E+0000   0.00000E+0000   0.00000E+0000
   0.00000E+0000   0.00000E+0000   0.00000E+0000   0.00000E+0000
   0.00000E+0000   0.00000E+0000   0.00000E+0000   0.00000E+0000
   0.00000E+0000   0.00000E+0000   0.00000E+0000   0.00000E+0000
   0.00000E+0000   0.00000E+0000   0.00000E+0000   0.00000E+0000
   0.00000E+0000   0.00000E+0000   0.00000E+0000   0.00000E+0000
   0.00000E+0000   0.00000E+0000   0.00000E+0000   0.00000E+0000
   0.00000E+0000   0.00000E+0000   0.00000E+0000   0.00000E+0000
   0.00000E+0000   0.00000E+0000   0.00000E+0000   0.00000E+0000
   0.00000E+0000   0.00000E+0000   0.00000E+0000   0.00000E+0000
   0.00000E+0000   0.00000E+0000   0.00000E+0000   0.00000E+0000
   0.00000E+0000   0.00000E+0000   0.00000E+0000   0.00000E+0000
   0.00000E+0000   0.00000E+0000   0.00000E+0000   0.00000E+0000
   0.00000E+0000   0.00000E+0000   0.00000E+0000   0.00000E+0000
   0.00000E+0000   0.00000E+0000   0.00000E+0000   0.00000E+0000
   0.00000E+0000   0.00000E+0000   0.00000E+0000   0.00000E+0000
   0.00000E+0000   0.00000E+0000   0.00000E+0000   0.00000E+0000
   0.00000E+0000   0.00000E+0000   0.00000E+0000   0.00000E+0000
   0.00000E+0000   0.00000E+0000   0.00000E+0000   0.00000E+0000
   0.00000E+0000   0.00000E+0000   0.00000E+0000   0.00000E+0000
   0.00000E+0000   0.00000E+0000   0.00000E+0000   0.00000E+0000
   0.00000E+0000   0.00000E+0000   0.00000E+0000   0.00000E+0000
   0.00000E+0000   0.00000E+0000   0.00000E+0000   0.00000E+0000
   0.00000E+0000   0.00000E+0000   0.00000E+0000   0.00000E+0000
   0.00000E+0000   0.00000E+0000   0.00000E+0000   0.00000E+0000
   0.00000E+0000   0.00000E+0000   0.00000E+0000   0.00000E+0000
   0.00000E+0000   0.00000E+0000   0.00000E+0000   0.00000E+0000
   0.00000E+0000   0.00000E+0000   0.00000E+0000   0.00000E+0000
   0.00000E+0000   0.00000E+0000   0.00000E+0000   0.00000E+0000
   0.00000E+0000   0.00000E+0000   0.00000E+0000   0.00000E+0000
   0.00000E+0000   0.00000E+0000   0.00000E+0000   0.00000E+0000
   0.00000E+0000   0.00000E+0000   0.00000E+0000   0.00000E+0000
   0.00000E+0000   0.00000E+0000   0.00000E+0000   0.00000E+0000
   0.00000E+0000   0.00000E+0000   0.00000E+0000   0.00000E+0000
   0.00000E+0000   0.00000E+0000   0.00000E+0000   0.00000E+0000
   0.00000E+0000   0.00000E+0000   0.00000E+0000   0.00000E+0000
   0.00000E+0000   0.00000E+0000   0.00000E+0000   0.00000E+0000
   0.00000E+0000   0.00000E+0000   0.00000E+0000   0.00000E+0000
   0.00000E+0000   0.00000E+0000   0.00000E+0000   0.00000E+0000
   0.00000E+0000   0.00000E+0000   0.00000E+0000   0.00000E+0000
   0.00000E+0000   0.00000E+0000   0.00000E+0000   0.00000E+0000
   0.00000E+0000   0.00000E+0000   0.00000E+0000   0.00000E+0000
   0.00000E+0000   0.00000E+0000   0.00000E+0000   0.00000E+0000
   0.00000E+0000   0.00000E+0000   0.00000E+0000   0.00000E+0000
   0.00000E+0000   0.00000E+0000   0.00000E+0000   0.00000E+0000
   0.00000E+0000   0.00000E+0000   0.00000E+0000   0.00000E+0000
   0.00000E+0000   0.00000E+0000   0.00000E+0000   0.00000E+0000
   0.00000E+0000   0.00000E+0000   0.00000E+0000   0.00000E+0000
   0.00000E+0000   0.00000E+0000   0.00000E+0000   0.00000E+0000
   0.00000E+0000   0.00000E+0000   0.00000E+0000   0.00000E+0000
   0.00000E+0000   0.00000E+0000   0.00000E+0000   0.00000E+0000
   0.00000E+0000   0.00000E+0000   0.00000E+0000   0.00000E+0000
   0.00000E+0000   0.00000E+0000   0.00000E+0000   0.00000E+0000
   0.00000E+0000   0.00000E+0000   0.00000E+0000   0.00000E+0000
   0.00000E+0000   0.00000E+0000   0.00000E+0000   0.00000E+0000
   0.00000E+0000   0.00000E+0000   0.00000E+0000   0.00000E+0000
   0.00000E+0000   0.00000E+0000   0.00000E+0000   0.00000E+0000
   0.00000E+0000   0.00000E+0000   0.00000E+0000   0.00000E+0000
   0.00000E+0000   0.00000E+0000   0.00000E+0000   0.00000E+0000
   0.00000E+0000   0.00000E+0000   0.00000E+0000   0.00000E+0000
   0.00000E+0000   0.00000E+0000   0.00000E+0000   0.00000E+0000
   0.00000E+0000   0.00000E+0000   0.00000E+0000   0.00000E+0000
   0.00000E+0000   0.00000E+0000   0.00000E+0000   0.00000E+0000
   0.00000E+0000   0.00000E+0000   0.00000E+0000   0.00000E+0000
   0.00000E+0000   0.00000E+0000   0.00000E+0000   0.00000E+0000
   0.00000E+0000   0.00000E+0000   0.00000E+0000   0.00000E+0000
   0.00000E+0000   0.00000E+0000   0.00000E+0000   0.00000E+0000
   0.00000E+0000   0.00000E+0000   0.00000E+0000   0.00000E+0000
   0.00000E+0000   0.00000E+0000   0.00000E+0000   0.00000E+0000
   0.00000E+0000   0.00000E+0000   0.00000E+0000   0.00000E+0000
   0.00000E+0000   0.00000E+0000   0.00000E+0000   0.00000E+0000
   0.00000E+0000   0.00000E+0000   0.00000E+0000   0.00000E+0000
   0.00000E+0000   0.00000E+0000   0.00000E+0000   0.00000E+0000
   0.00000E+0000   0.00000E+0000   0.00000E+0000   0.00000E+0000
   0.00000E+0000   0.00000E+0000   0.00000E+0000   0.00000E+0000
   0.00000E+0000   0.00000E+0000   0.00000E+0000   0.00000E+0000
   0.00000E+0000   0.00000E+0000   0.00000E+0000   0.00000E+0000
   0.00000E+0000   0.00000E+0000   0.00000E+0000   0.00000E+0000
   0.00000E+0000   0.00000E+0000   0.00000E+0000   0.00000E+0000
   0.00000E+0000   0.00000E+0000   0.00000E+0000   0.00000E+0000
   0.00000E+0000   0.00000E+0000   0.00000E+0000   0.00000E+0000
   0.00000E+0000   0.00000E+0000   0.00000E+0000   0.00000E+0000
   0.00000E+0000   0.00000E+0000   0.00000E+0000   0.00000E+0000
   0.00000E+0000   0.00000E+0000   0.00000E+0000   0.00000E+0000
   0.00000E+0000   0.00000E+0000   0.00000E+0000   0.00000E+0000
   0.00000E+0000   0.00000E+0000   0.00000E+0000   0.00000E+0000
   0.00000E+0000   0.00000E+0000   0.00000E+0000   0.00000E+0000
   0.00000E+0000   0.00000E+0000   0.00000E+0000   0.00000E+0000
   0.00000E+0000   0.00000E+0000   0.00000E+0000   0.00000E+0000
   0.00000E+0000   0.00000E+0000   0.00000E+0000   0.00000E+0000
   0.00000E+0000   0.00000E+0000   0.00000E+0000   0.00000E+0000
   0.00000E+0000   0.00000E+0000   0.00000E+0000   0.00000E+0000
   0.00000E+0000   0.00000E+0000   0.00000E+0000   0.00000E+0000
   0.00000E+0000   0.00000E+0000   0.00000E+0000   0.00000E+0000
   0.00000E+0000   0.00000E+0000   0.00000E+0000   0.00000E+0000
   0.00000E+0000   0.00000E+0000   0.00000E+0000   0.00000E+0000
   0.00000E+0000   0.00000E+0000   0.00000E+0000   0.00000E+0000
   0.00000E+0000   0.00000E+0000   0.00000E+0000   0.00000E+0000
   0.00000E+0000   0.00000E+0000   0.00000E+0000   0.00000E+0000
   0.00000E+0000   0.00000E+0000   0.00000E+0000   0.00000E+0000
   0.00000E+0000   0.00000E+0000   0.00000E+0000   0.00000E+0000
   0.00000E+0000   0.00000E+0000   0.00000E+0000   0.00000E+0000
   0.00000E+0000   0.00000E+0000   0.00000E+0000   0.00000E+0000
   0.00000E+0000   0.00000E+0000   0.00000E+0000   0.00000E+0000
   0.00000E+0000   0.00000E+0000   0.00000E+0000   0.00000E+0000
   0.00000E+0000   0.00000E+0000   0.00000E+0000   0.00000E+0000
   0.00000E+0000   0.00000E+0000   0.00000E+0000   0.00000E+0000
   0.00000E+0000   0.00000E+0000   0.00000E+0000   0.00000E+0000
   0.00000E+0000   0.00000E+0000   0.00000E+0000   0.00000E+0000
   0.00000E+0000   0.00000E+0000   0.00000E+0000   0.00000E+0000
   0.00000E+0000   0.00000E+0000   0.00000E+0000   0.00000E+0000
   0.00000E+0000   0.00000E+0000   0.00000E+0000   0.00000E+0000
   0.00000E+0000   0.00000E+0000   0.00000E+0000   0.00000E+0000
   0.00000E+0000   0.00000E+0000   0.00000E+0000   0.00000E+0000
   0.00000E+0000   0.00000E+0000   0.00000E+0000   0.00000E+0000
   0.00000E+0000   0.00000E+0000   0.00000E+0000   0.00000E+0000
   0.00000E+0000   0.00000E+0000   0.00000E+0000   0.00000E+0000
   0.00000E+0000   0.00000E+0000   0.00000E+0000   0.00000E+0000
   0.00000E+0000   0.00000E+0000   0.00000E+0000   0.00000E+0000
   0.00000E+0000   0.00000E+0000   0.00000E+0000   0.00000E+0000
   0.00000E+0000   0.00000E+0000   0.00000E+0000   0.00000E+0000
   0.00000E+0000   0.00000E+0000   0.00000E+0000   0.00000E+0000
   0.00000E+0000   0.00000E+0000   0.00000E+0000   0.00000E+0000
   0.00000E+0000   0.00000E+0000   0.00000E+0000   0.00000E+0000
   0.00000E+0000   0.00000E+0000   0.00000E+0000   0.00000E+0000
   0.00000E+0000   0.00000E+0000   0.00000E+0000   0.00000E+0000
   0.00000E+0000   0.00000E+0000   0.00000E+0000   0.00000E+0000
   0.00000E+0000   0.00000E+0000   0.00000E+0000   0.00000E+0000
   0.00000E+0000   0.00000E+0000   0.00000E+0000   0.00000E+0000
   0.00000E+0000   0.00000E+0000   0.00000E+0000   0.00000E+0000
   0.00000E+0000   0.00000E+0000   0.00000E+0000   0.00000E+0000
   0.00000E+0000   0.00000E+0000   0.00000E+0000   0.00000E+0000
   0.00000E+0000   0.00000E+0000   0.00000E+0000   0.00000E+0000
   0.00000E+0000   0.00000E+0000   0.00000E+0000   0.00000E+0000
   0.00000E+0000   0.00000E+0000   0.00000E+0000   0.00000E+0000
   0.00000E+0000   0.00000E+0000   0.00000E+0000   0.00000E+0000
   0.00000E+0000   0.00000E+0000   0.00000E+0000   0.00000E+0000
   0.00000E+0000   0.00000E+0000   0.00000E+0000   0.00000E+0000
   0.00000E+0000   0.00000E+0000   0.00000E+0000   0.00000E+0000
   0.00000E+0000   0.00000E+0000   0.00000E+0000   0.00000E+0000
   0.00000E+0000   0.00000E+0000   0.00000E+0000   0.00000E+0000
   0.00000E+0000   0.00000E+0000   0.00000E+0000   0.00000E+0000
   0.00000E+0000   0.00000E+0000   0.00000E+0000   0.00000E+0000
   0.00000E+0000   0.00000E+0000   0.00000E+0000   0.00000E+0000
   0.00000E+0000   0.00000E+0000   0.00000E+0000   0.00000E+0000
   0.00000E+0000   0.00000E+0000   0.00000E+0000   0.00000E+0000
   0.00000E+0000   0.00000E+0000   0.00000E+0000   0.00000E+0000
   0.00000E+0000   0.00000E+0000   0.00000E+0000   0.00000E+0000
   0.00000E+0000   0.00000E+0000   0.00000E+0000   0.00000E+0000
   0.00000E+0000   0.00000E+0000   0.00000E+0000   0.00000E+0000
   0.00000E+0000   0.00000E+0000   0.00000E+0000   0.00000E+0000
   0.00000E+0000   0.00000E+0000   0.00000E+0000   0.00000E+0000
   0.00000E+0000   0.00000E+0000   0.00000E+0000   0.00000E+0000
   0.00000E+0000   0.00000E+0000   0.00000E+0000   0.00000E+0000
   0.00000E+0000   0.00000E+0000   0.00000E+0000   0.00000E+0000
   0.00000E+0000   0.00000E+0000   0.00000E+0000   0.00000E+0000
   0.00000E+0000   0.00000E+0000   0.00000E+0000   0.00000E+0000
   0.00000E+0000   0.00000E+0000   0.00000E+0000   0.00000E+0000
   0.00000E+0000   0.00000E+0000   0.00000E+0000   0.00000E+0000
   0.00000E+0000   0.00000E+0000   0.00000E+0000   0.00000E+0000
   0.00000E+0000   0.00000E+0000   0.00000E+0000   0.00000E+0000
   0.00000E+0000   0.00000E+0000   0.00000E+0000   0.00000E+0000
   0.00000E+0000   0.00000E+0000   0.00000E+0000   0.00000E+0000
   0.00000E+0000   0.00000E+0000   0.00000E+0000   0.00000E+0000
   0.00000E+0000   0.00000E+0000   0.00000E+0000   0.00000E+0000
   0.00000E+0000   0.00000E+0000   0.00000E+0000   0.00000E+0000
   0.00000E+0000   0.00000E+0000   0.00000E+0000   0.00000E+0000
   0.00000E+0000   0.00000E+0000   0.00000E+0000   0.00000E+0000
   0.00000E+0000   0.00000E+0000   0.00000E+0000   0.00000E+0000
   0.00000E+0000   0.00000E+0000   0.00000E+0000   0.00000E+0000
   0.00000E+0000   0.00000E+0000   0.00000E+0000   0.00000E+0000
   0.00000E+0000   0.00000E+0000   0.00000E+0000   0.00000E+0000
   0.00000E+0000   0.00000E+0000   0.00000E+0000   0.00000E+0000
   0.00000E+0000   0.00000E+0000   0.00000E+0000   0.00000E+0000
   0.00000E+0000   0.00000E+0000   0.00000E+0000   0.00000E+0000
   0.00000E+0000   0.00000E+0000   0.00000E+0000   0.00000E+0000
   0.00000E+0000   0.00000E+0000   0.00000E+0000   0.00000E+0000
   0.00000E+0000   0.00000E+0000   0.00000E+0000   0.00000E+0000
   0.00000E+0000   0.00000E+0000   0.00000E+0000   0.00000E+0000
   0.00000E+0000   0.00000E+0000   0.00000E+0000   0.00000E+0000
   0.00000E+0000   0.00000E+0000   0.00000E+0000   0.00000E+0000
   0.00000E+0000   0.00000E+0000   0.00000E+0000   0.00000E+0000
   0.00000E+0000   0.00000E+0000   0.00000E+0000   0.00000E+0000
   0.00000E+0000   0.00000E+0000   0.00000E+0000   0.00000E+0000
   0.00000E+0000   0.00000E+0000   0.00000E+0000   0.00000E+0000
   0.00000E+0000   0.00000E+0000   0.00000E+0000   0.00000E+0000
   0.00000E+0000   0.00000E+0000   0.00000E+0000   0.00000E+0000
   0.00000E+0000   0.00000E+0000   0.00000E+0000   0.00000E+0000
   0.00000E+0000   0.00000E+0000   0.00000E+0000   0.00000E+0000
   0.00000E+0000   0.00000E+0000   0.00000E+0000   0.00000E+0000
   0.00000E+0000   0.00000E+0000   0.00000E+0000   0.00000E+0000
   0.00000E+0000   0.00000E+0000   0.00000E+0000   0.00000E+0000
   0.00000E+0000   0.00000E+0000   0.00000E+0000   0.00000E+0000
   0.00000E+0000   0.00000E+0000   0.00000E+0000   0.00000E+0000
   0.00000E+0000   0.00000E+0000   0.00000E+0000   0.00000E+0000
   0.00000E+0000   0.00000E+0000   0.00000E+0000   0.00000E+0000
   0.00000E+0000   0.00000E+0000   0.00000E+0000   0.00000E+0000
   0.00000E+0000   0.00000E+0000   0.00000E+0000   0.00000E+0000
   0.00000E+0000   0.00000E+0000   0.00000E+0000   0.00000E+0000
   0.00000E+0000   0.00000E+0000   0.00000E+0000   0.00000E+0000
   0.00000E+0000   0.00000E+0000   0.00000E+0000   0.00000E+0000
   0.00000E+0000   0.00000E+0000   0.00000E+0000   0.00000E+0000
   0.00000E+0000   0.00000E+0000   0.00000E+0000   0.00000E+0000
   0.00000E+0000   0.00000E+0000   0.00000E+0000   0.00000E+0000
   0.00000E+0000   0.00000E+0000   0.00000E+0000   0.00000E+0000
   0.00000E+0000   0.00000E+0000   0.00000E+0000   0.00000E+0000
   0.00000E+0000   0.00000E+0000   0.00000E+0000   0.00000E+0000
   0.00000E+0000   0.00000E+0000   0.00000E+0000   0.00000E+0000
   0.00000E+0000   0.00000E+0000   0.00000E+0000   0.00000E+0000
   0.00000E+0000   0.00000E+0000   0.00000E+0000   0.00000E+0000
   0.00000E+0000   0.00000E+0000   0.00000E+0000   0.00000E+0000
   0.00000E+0000   0.00000E+0000   0.00000E+0000   0.00000E+0000
   0.00000E+0000   0.00000E+0000   0.00000E+0000   0.00000E+0000
   0.00000E+0000   0.00000E+0000   0.00000E+0000   0.00000E+0000
   0.00000E+0000   0.00000E+0000   0.00000E+0000   0.00000E+0000
   0.00000E+0000   0.00000E+0000   0.00000E+0000   0.00000E+0000
   0.00000E+0000   0.00000E+0000   0.00000E+0000   0.00000E+0000
   0.00000E+0000   0.00000E+0000   0.00000E+0000   0.00000E+0000
