   0.00000E+0000   0.00000E+0000   0.00000E+0000   0.00000E+0000
   0.50796E+0000  -0.28972E-0006   0.37024E-0007  -0.12457E-0008
   0.10159E+0001  -0.36146E-0006  -0.16244E-0006   0.32949E-0007
   0.15236E+0001  -0.68102E-0006  -0.14323E-0005   0.25056E-0007
   0.20306E+0001  -0.26345E-0005  -0.58764E-0005  -0.64743E-0008
   0.25360E+0001  -0.98618E-0005  -0.18980E-0004   0.16093E-0007
   0.30390E+0001  -0.29173E-0004  -0.53752E-0004   0.14152E-0008
   0.35386E+0001  -0.80841E-0004  -0.13690E-0003   0.15296E-0006
   0.40345E+0001  -0.19667E-0003  -0.31916E-0003   0.94401E-0008
   0.45271E+0001  -0.44901E-0003  -0.69085E-0003   0.68597E-0008
   0.50173E+0001  -0.94698E-0003  -0.14036E-0002   0.10286E-0007
   0.55064E+0001  -0.18958E-0002  -0.27007E-0002   0.20350E-0006
   0.60505E+0001  -0.38418E-0002  -0.52822E-0002   0.85087E-0007
   0.65356E+0001  -0.68688E-0002  -0.91641E-0002  -0.18351E-0006
   0.70130E+0001  -0.11642E-0001  -0.15130E-0001   0.25861E-0007
   0.75360E+0001  -0.19808E-0001  -0.25068E-0001  -0.79888E-0008
   0.80032E+0001  -0.30592E-0001  -0.37896E-0001  -0.57681E-0008
   0.85221E+0001  -0.47516E-0001  -0.57613E-0001   0.65676E-0007
   0.90410E+0001  -0.70671E-0001  -0.84080E-0001   0.91080E-0007
   0.95088E+0001  -0.97493E-0001  -0.11426E+0000  -0.93122E-0007
   0.10030E+0002  -0.13416E+0000  -0.15498E+0000  -0.12618E-0006
   0.10551E+0002  -0.17751E+0000  -0.20254E+0000   0.49853E-0008
   0.11021E+0002  -0.22100E+0000  -0.24980E+0000   0.43892E-0007
   0.11544E+0002  -0.27210E+0000  -0.30479E+0000  -0.30098E-0006
   0.12014E+0002  -0.31801E+0000  -0.35360E+0000  -0.38273E-0006
   0.12536E+0002  -0.36527E+0000  -0.40295E+0000  -0.26453E-0007
   0.13005E+0002  -0.40070E+0000  -0.43866E+0000  -0.10472E-0006
   0.13527E+0002  -0.42716E+0000  -0.46290E+0000  -0.42316E-0006
   0.14049E+0002  -0.43385E+0000  -0.46396E+0000  -0.27345E-0006
   0.14518E+0002  -0.41696E+0000  -0.43877E+0000  -0.30067E-0006
   0.15039E+0002  -0.36539E+0000  -0.37474E+0000  -0.38889E-0006
   0.15508E+0002  -0.28295E+0000  -0.28009E+0000  -0.31501E-0006
   0.16027E+0002  -0.14707E+0000  -0.13411E+0000  -0.28154E-0006
   0.16544E+0002   0.31928E-0001   0.44633E-0001  -0.37417E-0006
   0.17008E+0002   0.21338E+0000   0.21275E+0000  -0.18245E-0006
   0.17525E+0002   0.39594E+0000   0.36966E+0000  -0.33304E-0006
   0.18043E+0002   0.49608E+0000   0.44884E+0000  -0.66104E-0006
   0.18509E+0002   0.47116E+0000   0.42780E+0000  -0.38293E-0006
   0.19028E+0002   0.32991E+0000   0.30823E+0000  -0.14588E-0006
   0.19548E+0002   0.12314E+0000   0.12527E+0000  -0.46524E-0006
   0.20015E+0002  -0.65082E-0001  -0.51916E-0001  -0.51041E-0006
   0.20534E+0002  -0.23786E+0000  -0.22506E+0000  -0.27975E-0006
   0.21001E+0002  -0.34621E+0000  -0.33995E+0000  -0.40727E-0006
   0.21521E+0002  -0.41094E+0000  -0.41227E+0000  -0.59962E-0006
   0.22040E+0002  -0.41848E+0000  -0.42428E+0000  -0.30485E-0006
   0.22507E+0002  -0.38061E+0000  -0.38568E+0000  -0.30591E-0007
   0.23027E+0002  -0.29172E+0000  -0.29205E+0000  -0.31844E-0006
   0.23547E+0002  -0.15782E+0000  -0.15239E+0000  -0.63098E-0006
   0.24014E+0002  -0.63913E-0002   0.12880E-0002  -0.40927E-0006
   0.24531E+0002   0.17943E+0000   0.18259E+0000  -0.18338E-0006
   0.25048E+0002   0.35294E+0000   0.34409E+0000  -0.56112E-0006
   0.25514E+0002   0.46235E+0000   0.44189E+0000  -0.50910E-0006
   0.26032E+0002   0.49319E+0000   0.46909E+0000   0.40388E-0007
   0.26552E+0002   0.41757E+0000   0.40259E+0000  -0.21634E-0006
   0.27018E+0002   0.27690E+0000   0.27769E+0000  -0.85300E-0006
   0.27536E+0002   0.83704E-0001   0.10062E+0000  -0.57336E-0006
   0.28001E+0002  -0.87868E-0001  -0.62108E-0001   0.96998E-0007
   0.28517E+0002  -0.24924E+0000  -0.21891E+0000   0.92831E-0007
   0.29035E+0002  -0.36620E+0000  -0.33233E+0000  -0.47663E-0006
   0.29501E+0002  -0.42897E+0000  -0.38878E+0000  -0.65354E-0006
   0.30017E+0002  -0.45072E+0000  -0.39764E+0000  -0.64767E-0006
   0.30531E+0002  -0.42561E+0000  -0.35054E+0000  -0.33620E-0006
   0.31043E+0002  -0.35490E+0000  -0.25049E+0000  -0.10080E-0006
   0.31503E+0002  -0.25588E+0000  -0.12017E+0000  -0.31373E-0006
   0.32014E+0002  -0.11371E+0000   0.59064E-0001  -0.75339E-0006
   0.32524E+0002   0.47261E-0001   0.25608E+0000  -0.69040E-0006
   0.33037E+0002   0.19967E+0000   0.44214E+0000  -0.28847E-0006
   0.33503E+0002   0.29636E+0000   0.57008E+0000  -0.22816E-0006
   0.34020E+0002   0.31996E+0000   0.63618E+0000  -0.47015E-0006
   0.34537E+0002   0.23448E+0000   0.60880E+0000  -0.48678E-0006
   0.35000E+0002   0.82471E-0001   0.51523E+0000  -0.39880E-0006
   0.35514E+0002  -0.12997E+0000   0.36510E+0000  -0.48234E-0006
   0.36025E+0002  -0.34175E+0000   0.20392E+0000  -0.16253E-0006
   0.36533E+0002  -0.51927E+0000   0.62194E-0001   0.18089E-0006
   0.37044E+0002  -0.64613E+0000  -0.43118E-0001  -0.16642E-0006
   0.37507E+0002  -0.71018E+0000  -0.10000E+0000  -0.70018E-0006
   0.38023E+0002  -0.71853E+0000  -0.11899E+0000  -0.55542E-0006
   0.38537E+0002  -0.66376E+0000  -0.96000E-0001   0.17742E-0006
   0.39050E+0002  -0.54257E+0000  -0.38442E-0001   0.16299E-0006
   0.39511E+0002  -0.37909E+0000   0.33903E-0001  -0.69318E-0006
   0.40020E+0002  -0.14506E+0000   0.12275E+0000  -0.11924E-0005
   0.40527E+0002   0.12701E+0000   0.20187E+0000  -0.29638E-0006
   0.41037E+0002   0.40597E+0000   0.24878E+0000   0.73130E-0006
   0.41551E+0002   0.64174E+0000   0.24161E+0000   0.12500E-0006
   0.42013E+0002   0.76650E+0000   0.18060E+0000  -0.85915E-0006
   0.42526E+0002   0.76955E+0000   0.63102E-0001  -0.55135E-0006
   0.43039E+0002   0.62689E+0000  -0.75804E-0001   0.31379E-0006
   0.43551E+0002   0.37756E+0000  -0.19823E+0000   0.28111E-0006
   0.44010E+0002   0.11118E+0000  -0.27131E+0000  -0.25438E-0006
   0.44518E+0002  -0.18122E+0000  -0.30310E+0000  -0.69544E-0006
   0.45027E+0002  -0.43119E+0000  -0.28697E+0000  -0.49452E-0006
   0.45543E+0002  -0.61216E+0000  -0.23181E+0000  -0.97909E-0007
   0.46014E+0002  -0.70425E+0000  -0.15683E+0000   0.82653E-0007
   0.46542E+0002  -0.71872E+0000  -0.55371E-0001  -0.16586E-0006
   0.47014E+0002  -0.64988E+0000   0.42103E-0001  -0.53340E-0006
   0.47532E+0002  -0.48827E+0000   0.14425E+0000  -0.46208E-0006
   0.48043E+0002  -0.24297E+0000   0.22509E+0000  -0.13346E-0006
   0.48500E+0002   0.33138E-0001   0.26552E+0000  -0.25332E-0006
   0.49011E+0002   0.37420E+0000   0.25809E+0000  -0.46951E-0006
   0.49527E+0002   0.69509E+0000   0.18529E+0000  -0.15182E-0006
   0.50051E+0002   0.91161E+0000   0.55807E-0001   0.85200E-0007
   0.50527E+0002   0.94324E+0000  -0.78314E-0001  -0.33491E-0006
   0.51000E+0002   0.79543E+0000  -0.19011E+0000  -0.46740E-0006
   0.51519E+0002   0.47357E+0000  -0.25746E+0000   0.56825E-0007
   0.52031E+0002   0.85443E-0001  -0.26258E+0000  -0.61651E-0007
   0.52541E+0002  -0.28687E+0000  -0.22268E+0000  -0.81733E-0006
   0.53001E+0002  -0.55734E+0000  -0.16516E+0000  -0.84088E-0006
   0.53518E+0002  -0.75942E+0000  -0.90131E-0001   0.17622E-0006
   0.54034E+0002  -0.85353E+0000  -0.12173E-0001   0.68895E-0006
   0.54547E+0002  -0.84395E+0000   0.62241E-0001  -0.17993E-0006
   0.55002E+0002  -0.75279E+0000   0.12188E+0000  -0.10315E-0005
   0.55502E+0002  -0.56367E+0000   0.17551E+0000  -0.73700E-0006
   0.56050E+0002  -0.25540E+0000   0.21125E+0000   0.35813E-0006
   0.56500E+0002   0.55699E-0001   0.21376E+0000   0.44107E-0006
   0.57006E+0002   0.42301E+0000   0.17988E+0000  -0.40063E-0006
   0.57520E+0002   0.75209E+0000   0.10651E+0000  -0.81253E-0006
   0.58041E+0002   0.94322E+0000   0.75446E-0002  -0.24023E-0006
   0.58516E+0002   0.92865E+0000  -0.83026E-0001   0.40679E-0006
   0.59041E+0002   0.70565E+0000  -0.16124E+0000   0.29208E-0006
   0.59506E+0002   0.39169E+0000  -0.20167E+0000  -0.48543E-0006
   0.60017E+0002   0.17322E-0001  -0.21680E+0000  -0.89542E-0006
   0.60525E+0002  -0.31717E+0000  -0.21008E+0000  -0.33323E-0006
   0.61035E+0002  -0.57692E+0000  -0.18864E+0000   0.21376E-0006
   0.61544E+0002  -0.74633E+0000  -0.15526E+0000   0.25886E-0007
   0.62001E+0002  -0.82108E+0000  -0.11559E+0000  -0.26019E-0006
   0.62505E+0002  -0.82265E+0000  -0.62411E-0001  -0.21995E-0006
   0.63002E+0002  -0.74887E+0000  -0.38384E-0002  -0.22907E-0006
   0.63543E+0002  -0.58573E+0000   0.58408E-0001  -0.52220E-0006
   0.64033E+0002  -0.36091E+0000   0.10278E+0000  -0.43244E-0006
   0.64526E+0002  -0.65005E-0001   0.12432E+0000  -0.75414E-0007
   0.65025E+0002   0.27565E+0000   0.11393E+0000  -0.23198E-0006
   0.65534E+0002   0.61751E+0000   0.67853E-0001  -0.63196E-0006
   0.66051E+0002   0.86110E+0000  -0.51821E-0002  -0.21244E-0006
   0.66524E+0002   0.91818E+0000  -0.77458E-0001   0.33933E-0006
   0.67049E+0002   0.77475E+0000  -0.14187E+0000  -0.13403E-0006
   0.67516E+0002   0.50268E+0000  -0.17247E+0000  -0.77188E-0006
   0.68028E+0002   0.13179E+0000  -0.17486E+0000  -0.55917E-0006
   0.68536E+0002  -0.22862E+0000  -0.15147E+0000   0.88470E-0007
   0.69042E+0002  -0.51537E+0000  -0.11176E+0000  -0.44957E-0007
   0.69545E+0002  -0.70473E+0000  -0.60515E-0001  -0.50292E-0006
   0.70045E+0002  -0.78961E+0000   0.11351E-0003  -0.37822E-0006
   0.70540E+0002  -0.77716E+0000   0.67390E-0001   0.16118E-0006
   0.71030E+0002  -0.67258E+0000   0.13579E+0000   0.24246E-0006
   0.71514E+0002  -0.48905E+0000   0.19718E+0000  -0.38404E-0006
   0.72047E+0002  -0.20590E+0000   0.24233E+0000  -0.89650E-0006
   0.72535E+0002   0.10322E+0000   0.24767E+0000  -0.53073E-0006
   0.73030E+0002   0.41949E+0000   0.20650E+0000   0.11367E-0006
   0.73535E+0002   0.68813E+0000   0.11654E+0000   0.67389E-0007
   0.74048E+0002   0.84255E+0000  -0.56784E-0002  -0.41867E-0006
   0.74518E+0002   0.84258E+0000  -0.11517E+0000  -0.29011E-0006
   0.75044E+0002   0.67759E+0000  -0.20166E+0000  -0.13383E-0007
   0.75513E+0002   0.41943E+0000  -0.23135E+0000  -0.13095E-0006
   0.76028E+0002   0.84831E-0001  -0.21617E+0000  -0.29309E-0006
   0.76540E+0002  -0.24446E+0000  -0.16711E+0000  -0.29216E-0006
   0.77000E+0002  -0.48638E+0000  -0.10972E+0000  -0.18613E-0006
   0.77509E+0002  -0.67059E+0000  -0.41955E-0001  -0.26718E-0006
   0.78015E+0002  -0.76380E+0000   0.25753E-0001  -0.17740E-0006
   0.78516E+0002  -0.76843E+0000   0.90909E-0001  -0.13344E-0007
   0.79010E+0002  -0.68958E+0000   0.15001E+0000  -0.93726E-0007
   0.79548E+0002  -0.51433E+0000   0.20126E+0000  -0.36672E-0006
   0.80036E+0002  -0.28208E+0000   0.22618E+0000  -0.47535E-0006
   0.80528E+0002   0.23479E-0002   0.22010E+0000  -0.36515E-0006
   0.81026E+0002   0.30774E+0000   0.17499E+0000  -0.15296E-0006
   0.81533E+0002   0.58375E+0000   0.91245E-0001   0.18674E-0006
   0.82049E+0002   0.75909E+0000  -0.16483E-0001  -0.63859E-0007
   0.82520E+0002   0.78402E+0000  -0.11260E+0000  -0.67132E-0006
   0.83047E+0002   0.65109E+0000  -0.19191E+0000  -0.73859E-0006
   0.83517E+0002   0.41687E+0000  -0.22311E+0000  -0.49616E-0007
   0.84033E+0002   0.97022E-0001  -0.21265E+0000   0.44610E-0006
   0.84544E+0002  -0.22595E+0000  -0.16560E+0000  -0.21905E-0006
   0.85002E+0002  -0.47006E+0000  -0.10466E+0000  -0.91524E-0006
   0.85508E+0002  -0.66273E+0000  -0.26885E-0001  -0.79139E-0006
   0.86011E+0002  -0.76726E+0000   0.55293E-0001   0.81171E-0007
   0.86509E+0002  -0.78638E+0000   0.13728E+0000   0.68444E-0006
   0.87001E+0002  -0.72481E+0000   0.21365E+0000   0.20243E-0006
   0.87536E+0002  -0.57505E+0000   0.28284E+0000  -0.74444E-0006
   0.88022E+0002  -0.37230E+0000   0.32248E+0000  -0.97556E-0006
   0.88512E+0002  -0.11479E+0000   0.32891E+0000  -0.26183E-0006
   0.89008E+0002   0.17109E+0000   0.29138E+0000   0.43935E-0006
   0.89513E+0002   0.44868E+0000   0.20327E+0000   0.21714E-0006
   0.90028E+0002   0.65526E+0000   0.71099E-0001  -0.31661E-0006
   0.90551E+0002   0.73231E+0000  -0.81080E-0001  -0.40236E-0006
   0.91026E+0002   0.66898E+0000  -0.20452E+0000  -0.31907E-0006
   0.91548E+0002   0.47025E+0000  -0.29371E+0000  -0.15213E-0006
   0.92013E+0002   0.21551E+0000  -0.31922E+0000   0.32239E-0006
   0.92527E+0002  -0.90889E-0001  -0.29242E+0000   0.46287E-0006
   0.93038E+0002  -0.36939E+0000  -0.22456E+0000  -0.16342E-0006
   0.93547E+0002  -0.57371E+0000  -0.13599E+0000  -0.88952E-0006
   0.94003E+0002  -0.67864E+0000  -0.51483E-0001  -0.79853E-0006
   0.94504E+0002  -0.70930E+0000   0.38789E-0001   0.15871E-0006
   0.95049E+0002  -0.64394E+0000   0.12532E+0000   0.84383E-0006
   0.95539E+0002  -0.49812E+0000   0.18485E+0000   0.19518E-0006
   0.96028E+0002  -0.27828E+0000   0.21843E+0000  -0.74883E-0006
   0.96519E+0002  -0.95539E-0003   0.21869E+0000  -0.82470E-0006
   0.97018E+0002   0.30498E+0000   0.17988E+0000   0.76895E-0007
   0.97525E+0002   0.58608E+0000   0.10290E+0000   0.77161E-0006
   0.98041E+0002   0.76195E+0000   0.16249E-0003   0.69912E-0007
   0.98513E+0002   0.78267E+0000  -0.95879E-0001  -0.84145E-0006
   0.99042E+0002   0.64475E+0000  -0.18184E+0000  -0.46559E-0006
   0.99513E+0002   0.41217E+0000  -0.22340E+0000   0.75029E-0006
   0.10003E+0003   0.97113E-0001  -0.22558E+0000   0.95544E-0006
   0.10054E+0003  -0.21635E+0000  -0.18949E+0000  -0.33360E-0006
   0.10100E+0003  -0.45514E+0000  -0.13581E+0000  -0.11551E-0005
   0.10151E+0003  -0.64074E+0000  -0.65099E-0001  -0.54146E-0006
   0.10202E+0003  -0.73496E+0000   0.86062E-0002   0.67486E-0006
   0.10252E+0003  -0.74118E+0000   0.78901E-0001   0.82235E-0006
   0.10302E+0003  -0.66437E+0000   0.13998E+0000  -0.23062E-0006
   0.10351E+0003  -0.51165E+0000   0.18624E+0000  -0.91867E-0006
   0.10405E+0003  -0.26527E+0000   0.21298E+0000  -0.25436E-0006
   0.10454E+0003   0.10035E-0001   0.20889E+0000   0.80604E-0006
   0.10504E+0003   0.30553E+0000   0.17289E+0000   0.85657E-0006
   0.10554E+0003   0.56453E+0000   0.10668E+0000  -0.29733E-0006
   0.10601E+0003   0.70272E+0000   0.29611E-0001  -0.92437E-0006
   0.10653E+0003   0.71032E+0000  -0.61040E-0001  -0.29711E-0006
   0.10701E+0003   0.58605E+0000  -0.13244E+0000   0.77416E-0006
   0.10753E+0003   0.34361E+0000  -0.18554E+0000   0.95136E-0006
   0.10800E+0003   0.82488E-0001  -0.20441E+0000  -0.16205E-0008
   0.10852E+0003  -0.20446E+0000  -0.19526E+0000  -0.98325E-0006
   0.10903E+0003  -0.44449E+0000  -0.16164E+0000  -0.85037E-0006
   0.10954E+0003  -0.61212E+0000  -0.11168E+0000   0.86760E-0007
   0.11005E+0003  -0.69580E+0000  -0.52875E-0001   0.66899E-0006
   0.11050E+0003  -0.69864E+0000   0.23332E-0002   0.33537E-0006
   0.11105E+0003  -0.61663E+0000   0.67365E-0001  -0.34469E-0006
   0.11154E+0003  -0.46839E+0000   0.11933E+0000  -0.32052E-0006
   0.11203E+0003  -0.26075E+0000   0.15842E+0000   0.86609E-0007
   0.11252E+0003  -0.89171E-0002   0.17712E+0000   0.12512E-0006
   0.11302E+0003   0.26038E+0000   0.16787E+0000  -0.31082E-0006
   0.11353E+0003   0.49855E+0000   0.12585E+0000  -0.48654E-0006
   0.11405E+0003   0.64485E+0000   0.52626E-0001  -0.16975E-0006
   0.11452E+0003   0.66059E+0000  -0.31034E-0001   0.13158E-0006
   0.11505E+0003   0.54712E+0000  -0.12530E+0000   0.13354E-0006
   0.11552E+0003   0.35449E+0000  -0.19114E+0000   0.36475E-0007
   0.11604E+0003   0.84090E-0001  -0.22760E+0000  -0.61945E-0007
   0.11651E+0003  -0.16655E+0000  -0.22440E+0000  -0.60895E-0007
   0.11702E+0003  -0.41248E+0000  -0.18683E+0000  -0.78850E-0007
   0.11754E+0003  -0.59241E+0000  -0.12432E+0000  -0.26166E-0006
   0.11805E+0003  -0.68781E+0000  -0.48549E-0001  -0.41391E-0006
   0.11850E+0003  -0.69683E+0000   0.22459E-0001  -0.26630E-0006
   0.11900E+0003  -0.62540E+0000   0.96983E-0001   0.22770E-0006
   0.11954E+0003  -0.45650E+0000   0.16579E+0000   0.58918E-0006
   0.12003E+0003  -0.23062E+0000   0.20886E+0000   0.18596E-0006
   0.12053E+0003   0.45661E-0001   0.22586E+0000  -0.59060E-0006
   0.12103E+0003   0.33508E+0000   0.21028E+0000  -0.76459E-0006
   0.12154E+0003   0.57881E+0000   0.15887E+0000   0.10475E-0006
   0.12200E+0003   0.70497E+0000   0.84941E-0001   0.56793E-0006
   0.12253E+0003   0.70362E+0000  -0.15517E-0001   0.34374E-0007
   0.12300E+0003   0.57853E+0000  -0.10533E+0000  -0.48503E-0006
   0.12353E+0003   0.34249E+0000  -0.18167E+0000   0.15872E-0006
   0.12400E+0003   0.88293E-0001  -0.21709E+0000   0.79795E-0006
   0.12452E+0003  -0.19329E+0000  -0.21731E+0000   0.19313E-0006
   0.12504E+0003  -0.43345E+0000  -0.18226E+0000  -0.10330E-0005
   0.12551E+0003  -0.58977E+0000  -0.12919E+0000  -0.13380E-0005
   0.12602E+0003  -0.68435E+0000  -0.56306E-0001  -0.18596E-0006
   0.12653E+0003  -0.69431E+0000   0.21699E-0001   0.92029E-0006
   0.12703E+0003  -0.62467E+0000   0.96223E-0001   0.78621E-0006
   0.12753E+0003  -0.48263E+0000   0.15948E+0000  -0.87477E-0007
   0.12802E+0003  -0.27374E+0000   0.20348E+0000  -0.67919E-0006
   0.12852E+0003  -0.12064E-0001   0.22010E+0000  -0.45577E-0006
   0.12902E+0003   0.26848E+0000   0.20268E+0000   0.52991E-0007
   0.12953E+0003   0.51986E+0000   0.14889E+0000   0.18769E-0006
   0.13000E+0003   0.66414E+0000   0.74043E-0001  -0.25831E-0006
   0.13053E+0003   0.68687E+0000  -0.25111E-0001  -0.51671E-0006
   0.13101E+0003   0.57656E+0000  -0.11123E+0000   0.68799E-0007
   0.13153E+0003   0.34675E+0000  -0.18231E+0000   0.87130E-0006
   0.13200E+0003   0.92244E-0001  -0.21388E+0000   0.61866E-0006
   0.13252E+0003  -0.19546E+0000  -0.21156E+0000  -0.54578E-0006
   0.13304E+0003  -0.44035E+0000  -0.17615E+0000  -0.13292E-0005
   0.13350E+0003  -0.59874E+0000  -0.12389E+0000  -0.93169E-0006
   0.13402E+0003  -0.69549E+0000  -0.51812E-0001   0.27174E-0006
   0.13453E+0003  -0.70743E+0000   0.26645E-0001   0.11666E-0005
   0.13503E+0003  -0.63803E+0000   0.10373E+0000   0.96930E-0006
   0.13553E+0003  -0.49587E+0000   0.17247E+0000   0.15195E-0006
   0.13602E+0003  -0.28807E+0000   0.22503E+0000  -0.77010E-0006
   0.13652E+0003  -0.27908E-0001   0.25221E+0000  -0.11142E-0005
   0.13702E+0003   0.25345E+0000   0.24480E+0000  -0.61031E-0006
   0.13753E+0003   0.50410E+0000   0.19628E+0000   0.38934E-0006
   0.13805E+0003   0.66047E+0000   0.10816E+0000   0.11294E-0005
   0.13852E+0003   0.67914E+0000   0.68731E-0002   0.72099E-0006
   0.13900E+0003   0.57665E+0000  -0.95551E-0001  -0.26085E-0006
   0.13953E+0003   0.35502E+0000  -0.18483E+0000  -0.94996E-0006
   0.14005E+0003   0.79921E-0001  -0.23270E+0000  -0.33233E-0006
   0.14051E+0003  -0.17195E+0000  -0.23795E+0000   0.56281E-0006
   0.14103E+0003  -0.41780E+0000  -0.20758E+0000   0.88485E-0006
   0.14155E+0003  -0.59283E+0000  -0.14994E+0000   0.17852E-0006
   0.14201E+0003  -0.67701E+0000  -0.84263E-0001  -0.46390E-0006
   0.14253E+0003  -0.68834E+0000  -0.53958E-0002  -0.47223E-0006
   0.14303E+0003  -0.61523E+0000   0.71051E-0001   0.15878E-0006
   0.14353E+0003  -0.46495E+0000   0.13765E+0000   0.79581E-0006
   0.14402E+0003  -0.24665E+0000   0.18665E+0000   0.68240E-0006
   0.14452E+0003   0.27243E-0001   0.20906E+0000  -0.16878E-0006
   0.14502E+0003   0.32104E+0000   0.19649E+0000  -0.85304E-0006
   0.14553E+0003   0.58033E+0000   0.14460E+0000  -0.64047E-0006
   0.14600E+0003   0.72556E+0000   0.68434E-0001   0.11035E-0006
   0.14653E+0003   0.73932E+0000  -0.33665E-0001   0.78887E-0006
   0.14701E+0003   0.61345E+0000  -0.12100E+0000   0.90506E-0006
   0.14753E+0003   0.36231E+0000  -0.18974E+0000   0.32137E-0006
   0.14800E+0003   0.89345E-0001  -0.21640E+0000  -0.65234E-0006
   0.14852E+0003  -0.21305E+0000  -0.20800E+0000  -0.11869E-0005
   0.14904E+0003  -0.46828E+0000  -0.16814E+0000  -0.32634E-0006
   0.14951E+0003  -0.62939E+0000  -0.11457E+0000   0.83857E-0006
   0.15002E+0003  -0.72149E+0000  -0.44357E-0001   0.13471E-0005
   0.15054E+0003  -0.72296E+0000   0.29497E-0001   0.49063E-0006
   0.15104E+0003  -0.64202E+0000   0.10051E+0000  -0.76734E-0006
   0.15154E+0003  -0.48521E+0000   0.16225E+0000  -0.12196E-0005
   0.15203E+0003  -0.26316E+0000   0.20755E+0000  -0.32069E-0006
   0.15253E+0003   0.85886E-0002   0.22742E+0000   0.73965E-0006
   0.15303E+0003   0.29700E+0000   0.21290E+0000   0.81896E-0006
   0.15354E+0003   0.55012E+0000   0.15937E+0000   0.26501E-0008
   0.15401E+0003   0.69219E+0000   0.81527E-0001  -0.53665E-0006
   0.15454E+0003   0.70784E+0000  -0.23361E-0001  -0.20378E-0006
   0.15501E+0003   0.58883E+0000  -0.11438E+0000   0.53540E-0006
   0.15554E+0003   0.34879E+0000  -0.18824E+0000   0.55378E-0006
   0.15601E+0003   0.84852E-0001  -0.22005E+0000  -0.10660E-0006
   0.15653E+0003  -0.20923E+0000  -0.21733E+0000  -0.49350E-0006
   0.15705E+0003  -0.45634E+0000  -0.18279E+0000  -0.37305E-0008
   0.15751E+0003  -0.61453E+0000  -0.13302E+0000   0.52765E-0006
   0.15802E+0003  -0.70597E+0000  -0.65568E-0001   0.41147E-0006
   0.15853E+0003  -0.71027E+0000   0.72713E-0002  -0.16971E-0006
   0.15903E+0003  -0.63341E+0000   0.78691E-0001  -0.36478E-0006
   0.15953E+0003  -0.48158E+0000   0.14192E+0000   0.17040E-0006
   0.16002E+0003  -0.26390E+0000   0.18957E+0000   0.73998E-0006
   0.16052E+0003   0.29508E-0002   0.21272E+0000   0.48584E-0006
   0.16102E+0003   0.29053E+0000   0.20222E+0000  -0.42080E-0006
   0.16153E+0003   0.54590E+0000   0.15266E+0000  -0.74712E-0006
   0.16205E+0003   0.70206E+0000   0.67614E-0001   0.34086E-0007
   0.16252E+0003   0.71531E+0000  -0.26384E-0001   0.10110E-0005
   0.16305E+0003   0.58284E+0000  -0.12676E+0000   0.10127E-0005
   0.16353E+0003   0.36503E+0000  -0.19252E+0000  -0.55493E-0007
   0.16405E+0003   0.70321E-0001  -0.22645E+0000  -0.10476E-0005
   0.16451E+0003  -0.19627E+0000  -0.22210E+0000  -0.78166E-0006
   0.16503E+0003  -0.44839E+0000  -0.18617E+0000   0.42572E-0006
   0.16555E+0003  -0.62458E+0000  -0.12751E+0000   0.11724E-0005
   0.16601E+0003  -0.70691E+0000  -0.62989E-0001   0.71647E-0006
   0.16652E+0003  -0.71455E+0000   0.14315E-0001  -0.37371E-0006
   0.16702E+0003  -0.63940E+0000   0.90093E-0001  -0.88682E-0006
   0.16751E+0003  -0.48637E+0000   0.15676E+0000  -0.25030E-0006
   0.16801E+0003  -0.26622E+0000   0.20628E+0000   0.64372E-0006
   0.16850E+0003   0.85409E-0002   0.22896E+0000   0.78519E-0006
   0.16900E+0003   0.30528E+0000   0.21561E+0000  -0.26750E-0007
   0.16951E+0003   0.57007E+0000   0.16137E+0000  -0.62791E-0006
   0.17003E+0003   0.73305E+0000   0.71291E-0001  -0.39584E-0007
   0.17050E+0003   0.74824E+0000  -0.26047E-0001   0.83767E-0006
   0.17104E+0003   0.61138E+0000  -0.12752E+0000   0.74097E-0006
   0.17151E+0003   0.38534E+0000  -0.19159E+0000  -0.23397E-0006
   0.17203E+0003   0.80423E-0001  -0.22146E+0000  -0.81902E-0006
   0.17255E+0003  -0.22291E+0000  -0.21032E+0000  -0.22372E-0006
   0.17302E+0003  -0.45265E+0000  -0.17354E+0000   0.41696E-0006
   0.17353E+0003  -0.63196E+0000  -0.11326E+0000   0.59825E-0006
   0.17405E+0003  -0.72008E+0000  -0.41761E-0001   0.30639E-0006
   0.17450E+0003  -0.72353E+0000   0.25768E-0001   0.26139E-0009
   0.17501E+0003  -0.64936E+0000   0.97929E-0001  -0.70250E-0007
   0.17550E+0003  -0.49934E+0000   0.16039E+0000  -0.54467E-0007
   0.17605E+0003  -0.25872E+0000   0.20891E+0000  -0.22215E-0006
   0.17654E+0003   0.11925E-0001   0.22482E+0000  -0.22179E-0006
   0.17704E+0003   0.30034E+0000   0.20491E+0000   0.18794E-0006
   0.17750E+0003   0.53343E+0000   0.15319E+0000   0.56449E-0006
   0.17802E+0003   0.69955E+0000   0.63556E-0001   0.56356E-0006
   0.17855E+0003   0.71851E+0000  -0.43161E-0001  -0.14271E-0006
   0.17903E+0003   0.60091E+0000  -0.13223E+0000  -0.63839E-0006
   0.17955E+0003   0.35800E+0000  -0.20004E+0000  -0.21568E-0006
   0.18002E+0003   0.89124E-0001  -0.22436E+0000   0.73715E-0006
   0.18054E+0003  -0.21086E+0000  -0.21285E+0000   0.10874E-0005
   0.18100E+0003  -0.44187E+0000  -0.17579E+0000   0.19098E-0006
   0.18152E+0003  -0.62510E+0000  -0.11531E+0000  -0.88877E-0006
   0.18203E+0003  -0.71840E+0000  -0.43579E-0001  -0.67519E-0006
   0.18254E+0003  -0.72318E+0000   0.31963E-0001   0.64243E-0006
   0.18304E+0003  -0.64595E+0000   0.10476E+0000   0.14982E-0005
   0.18353E+0003  -0.49221E+0000   0.16805E+0000   0.84581E-0006
   0.18403E+0003  -0.27295E+0000   0.21431E+0000  -0.80178E-0006
   0.18452E+0003  -0.18661E-0002   0.23432E+0000  -0.14802E-0005
   0.18502E+0003   0.28967E+0000   0.21890E+0000  -0.22044E-0006
   0.18553E+0003   0.54935E+0000   0.16284E+0000   0.16229E-0005
   0.18605E+0003   0.70834E+0000   0.70813E-0001   0.12484E-0005
   0.18653E+0003   0.72363E+0000  -0.28499E-0001  -0.68198E-0006
   0.18700E+0003   0.61126E+0000  -0.12290E+0000  -0.15318E-0005
   0.18753E+0003   0.37249E+0000  -0.19768E+0000  -0.15685E-0006
   0.18805E+0003   0.75599E-0001  -0.22867E+0000   0.14191E-0005
   0.18852E+0003  -0.19246E+0000  -0.22065E+0000   0.11939E-0005
   0.18903E+0003  -0.44705E+0000  -0.18077E+0000  -0.37663E-0006
   0.18955E+0003  -0.62483E+0000  -0.11953E+0000  -0.12930E-0005
   0.19001E+0003  -0.70845E+0000  -0.54488E-0001  -0.67246E-0006
   0.19052E+0003  -0.71649E+0000   0.21163E-0001   0.70554E-0006
   0.19102E+0003  -0.64111E+0000   0.93525E-0001   0.12141E-0005
   0.19151E+0003  -0.48910E+0000   0.15568E+0000   0.43396E-0006
   0.19201E+0003  -0.26876E+0000   0.20002E+0000  -0.67054E-0006
   0.19250E+0003   0.33954E-0002   0.21777E+0000  -0.84832E-0006
   0.19300E+0003   0.29764E+0000   0.20020E+0000   0.16610E-0006
   0.19351E+0003   0.56324E+0000   0.14305E+0000   0.10505E-0005
   0.19403E+0003   0.72822E+0000   0.52392E-0001   0.42719E-0006
   0.19450E+0003   0.74671E+0000  -0.43086E-0001  -0.56489E-0006
   0.19503E+0003   0.61327E+0000  -0.14035E+0000  -0.54010E-0006
   0.19551E+0003   0.38950E+0000  -0.19974E+0000   0.50354E-0006
   0.19603E+0003   0.85389E-0001  -0.22447E+0000   0.10253E-0005
   0.19655E+0003  -0.21865E+0000  -0.20888E+0000   0.14204E-0006
   0.19701E+0003  -0.45053E+0000  -0.16915E+0000  -0.87796E-0006
   0.19753E+0003  -0.63250E+0000  -0.10706E+0000  -0.10858E-0005
   0.19804E+0003  -0.72395E+0000  -0.35121E-0001  -0.13906E-0006
   0.19855E+0003  -0.72541E+0000   0.39217E-0001   0.91096E-0006
   0.19905E+0003  -0.64400E+0000   0.10954E+0000   0.12547E-0005
   0.19954E+0003  -0.48760E+0000   0.16940E+0000   0.62343E-0006
   0.20004E+0003  -0.26610E+0000   0.21148E+0000  -0.34976E-0006
   0.20053E+0003   0.65072E-0002   0.22695E+0000  -0.96042E-0006
   0.20103E+0003   0.29719E+0000   0.20736E+0000  -0.53976E-0006
   0.20154E+0003   0.55507E+0000   0.14878E+0000   0.55931E-0006
   0.20201E+0003   0.70040E+0000   0.67574E-0001   0.93130E-0006
   0.20254E+0003   0.71969E+0000  -0.38455E-0001   0.11451E-0006
   0.20301E+0003   0.60219E+0000  -0.12769E+0000  -0.54023E-0006
   0.20354E+0003   0.36046E+0000  -0.19697E+0000  -0.33939E-0006
   0.20401E+0003   0.93266E-0001  -0.22323E+0000   0.15855E-0007
   0.20453E+0003  -0.20436E+0000  -0.21401E+0000  -0.12623E-0007
   0.20504E+0003  -0.45539E+0000  -0.17382E+0000   0.44966E-0007
   0.20551E+0003  -0.61636E+0000  -0.12028E+0000   0.48070E-0006
   0.20602E+0003  -0.71078E+0000  -0.50137E-0001   0.74825E-0006
   0.20653E+0003  -0.71709E+0000   0.23830E-0001   0.17836E-0006
   0.20703E+0003  -0.64181E+0000   0.94908E-0001  -0.45608E-0006
   0.20752E+0003  -0.49031E+0000   0.15624E+0000  -0.25712E-0006
   0.20801E+0003  -0.27290E+0000   0.20039E+0000   0.33242E-0006
   0.20851E+0003  -0.34969E-0002   0.21868E+0000   0.30439E-0006
   0.20901E+0003   0.28676E+0000   0.20278E+0000  -0.38304E-0006
   0.20952E+0003   0.54718E+0000   0.14829E+0000  -0.68331E-0006
   0.21003E+0003   0.70785E+0000   0.60168E-0001   0.45367E-0007
   0.21051E+0003   0.72529E+0000  -0.34355E-0001   0.71519E-0006
   0.21104E+0003   0.59578E+0000  -0.13295E+0000   0.40427E-0006
   0.21151E+0003   0.37825E+0000  -0.19561E+0000  -0.20444E-0006
   0.21203E+0003   0.81861E-0001  -0.22517E+0000  -0.17505E-0006
   0.21250E+0003  -0.18712E+0000  -0.21689E+0000   0.29352E-0006
   0.21302E+0003  -0.44249E+0000  -0.17762E+0000   0.34454E-0006
   0.21353E+0003  -0.62216E+0000  -0.11738E+0000  -0.26538E-0006
   0.21404E+0003  -0.71284E+0000  -0.45648E-0001  -0.66647E-0006
   0.21450E+0003  -0.71876E+0000   0.22268E-0001  -0.28171E-0006
   0.21500E+0003  -0.64701E+0000   0.95072E-0001   0.54954E-0006
   0.21555E+0003  -0.47927E+0000   0.16376E+0000   0.81300E-0006
   0.21604E+0003  -0.25745E+0000   0.20759E+0000   0.45161E-0008
   0.21653E+0003   0.16703E-0001   0.22443E+0000  -0.99690E-0006
   0.21704E+0003   0.30912E+0000   0.20594E+0000  -0.11781E-0005
   0.21755E+0003   0.56722E+0000   0.14821E+0000  -0.39384E-0007
   0.21801E+0003   0.71173E+0000   0.67425E-0001   0.11976E-0005
   0.21854E+0003   0.72893E+0000  -0.38558E-0001   0.12838E-0005
   0.21902E+0003   0.60915E+0000  -0.12799E+0000   0.21678E-0006
   0.21954E+0003   0.36474E+0000  -0.19726E+0000  -0.74657E-0006
   0.22001E+0003   0.95260E-0001  -0.22292E+0000  -0.77787E-0006
   0.22053E+0003  -0.20480E+0000  -0.21229E+0000  -0.63147E-0006
   0.22105E+0003  -0.45752E+0000  -0.17023E+0000  -0.32631E-0006
   0.22151E+0003  -0.61903E+0000  -0.11494E+0000   0.31182E-0006
   0.22202E+0003  -0.71345E+0000  -0.43195E-0001   0.87576E-0006
   0.22253E+0003  -0.71865E+0000   0.31651E-0001   0.67110E-0006
   0.22303E+0003  -0.64124E+0000   0.10271E+0000  -0.22423E-0006
   0.22353E+0003  -0.48847E+0000   0.16327E+0000  -0.92375E-0006
   0.22402E+0003  -0.27054E+0000   0.20610E+0000  -0.72706E-0006
   0.22452E+0003  -0.92361E-0003   0.22267E+0000   0.26624E-0006
   0.22502E+0003   0.28760E+0000   0.20493E+0000   0.10263E-0005
   0.22553E+0003   0.54489E+0000   0.14886E+0000   0.59889E-0006
   0.22604E+0003   0.70178E+0000   0.59861E-0001  -0.55701E-0006
   0.22652E+0003   0.71650E+0000  -0.34731E-0001  -0.98262E-0006
   0.22705E+0003   0.58567E+0000  -0.13291E+0000  -0.47409E-0007
   0.22752E+0003   0.36887E+0000  -0.19510E+0000   0.90697E-0006
   0.22804E+0003   0.74412E-0001  -0.22423E+0000   0.63556E-0006
   0.22851E+0003  -0.19258E+0000  -0.21564E+0000  -0.60333E-0006
   0.22903E+0003  -0.44578E+0000  -0.17606E+0000  -0.15118E-0005
   0.22954E+0003  -0.62382E+0000  -0.11554E+0000  -0.92938E-0006
   0.23000E+0003  -0.70837E+0000  -0.51139E-0001   0.68771E-0006
   0.23051E+0003  -0.71836E+0000   0.24174E-0001   0.20747E-0005
   0.23101E+0003  -0.64591E+0000   0.96751E-0001   0.18550E-0005
   0.23151E+0003  -0.49679E+0000   0.15973E+0000   0.78811E-0007
   0.23200E+0003  -0.28165E+0000   0.20574E+0000  -0.17836E-0005
   0.23255E+0003   0.15793E-0001   0.22627E+0000  -0.21667E-0005
   0.23305E+0003   0.30594E+0000   0.20844E+0000  -0.39908E-0006
   0.23351E+0003   0.53903E+0000   0.15879E+0000   0.15673E-0005
   0.23402E+0003   0.70259E+0000   0.70747E-0001   0.20129E-0005
   0.23455E+0003   0.71746E+0000  -0.35830E-0001   0.24914E-0007
   0.23503E+0003   0.59733E+0000  -0.12639E+0000  -0.18312E-0005
   0.23550E+0003   0.38267E+0000  -0.19210E+0000  -0.19298E-0005
   0.23602E+0003   0.88026E-0001  -0.22468E+0000  -0.14435E-0006
   0.23654E+0003  -0.20856E+0000  -0.21590E+0000   0.15940E-0005
   0.23701E+0003  -0.43582E+0000  -0.18043E+0000   0.17620E-0005
   0.23752E+0003  -0.61675E+0000  -0.12063E+0000   0.33150E-0006
   0.23804E+0003  -0.70915E+0000  -0.48851E-0001  -0.12210E-0005
   0.23854E+0003  -0.71319E+0000   0.26702E-0001  -0.16049E-0005
   0.23904E+0003  -0.63504E+0000   0.98849E-0001  -0.58729E-0006
   0.23954E+0003  -0.48024E+0000   0.16058E+0000   0.68028E-0006
   0.24003E+0003  -0.26015E+0000   0.20442E+0000   0.11704E-0005
   0.24053E+0003   0.11768E-0001   0.22156E+0000   0.27047E-0006
   0.24103E+0003   0.30274E+0000   0.20363E+0000  -0.97645E-0006
   0.24154E+0003   0.56077E+0000   0.14664E+0000  -0.13029E-0005
   0.24201E+0003   0.70677E+0000   0.66575E-0001  -0.19571E-0006
   0.24253E+0003   0.72639E+0000  -0.38759E-0001   0.12812E-0005
   0.24301E+0003   0.60850E+0000  -0.12789E+0000   0.13935E-0005
   0.24354E+0003   0.36586E+0000  -0.19733E+0000  -0.48285E-0007
   0.24401E+0003   0.97680E-0001  -0.22363E+0000  -0.12020E-0005
   0.24453E+0003  -0.20181E+0000  -0.21404E+0000  -0.11717E-0005
   0.24504E+0003  -0.45476E+0000  -0.17302E+0000   0.27322E-0007
   0.24551E+0003  -0.61685E+0000  -0.11846E+0000   0.98627E-0006
   0.24602E+0003  -0.71211E+0000  -0.47093E-0001   0.97679E-0006
   0.24653E+0003  -0.71845E+0000   0.27965E-0001  -0.10883E-0006
   0.24703E+0003  -0.64244E+0000   0.99880E-0001  -0.11226E-0005
   0.24752E+0003  -0.49030E+0000   0.16185E+0000  -0.12060E-0005
   0.24802E+0003  -0.27291E+0000   0.20655E+0000  -0.15506E-0006
   0.24851E+0003  -0.30550E-0002   0.22518E+0000   0.98773E-0006
   0.24901E+0003   0.28658E+0000   0.20926E+0000   0.11958E-0005
   0.24952E+0003   0.54530E+0000   0.15433E+0000   0.74821E-0007
   0.25004E+0003   0.70363E+0000   0.65543E-0001  -0.10457E-0005
   0.25051E+0003   0.71868E+0000  -0.29679E-0001  -0.96102E-0006
   0.25105E+0003   0.58716E+0000  -0.12919E+0000   0.31966E-0006
   0.25152E+0003   0.36954E+0000  -0.19281E+0000   0.11851E-0005
   0.25204E+0003   0.74510E-0001  -0.22351E+0000   0.78694E-0006
   0.25251E+0003  -0.19269E+0000  -0.21620E+0000  -0.38201E-0006
   0.25303E+0003  -0.44542E+0000  -0.17785E+0000  -0.12763E-0005
   0.25354E+0003  -0.62282E+0000  -0.11830E+0000  -0.96780E-0006
   0.25400E+0003  -0.70678E+0000  -0.54500E-0001   0.16499E-0006
   0.25451E+0003  -0.71637E+0000   0.20424E-0001   0.12178E-0005
   0.25501E+0003  -0.64372E+0000   0.92774E-0001   0.12305E-0005
   0.25551E+0003  -0.49431E+0000   0.15562E+0000   0.19029E-0006
   0.25605E+0003  -0.25406E+0000   0.20490E+0000  -0.98129E-0006
   0.25654E+0003   0.18085E-0001   0.22213E+0000  -0.11707E-0005
   0.25705E+0003   0.30800E+0000   0.20440E+0000  -0.12134E-0006
   0.25750E+0003   0.54077E+0000   0.15499E+0000   0.10304E-0005
   0.25802E+0003   0.70425E+0000   0.67579E-0001   0.11798E-0005
   0.25855E+0003   0.71894E+0000  -0.37999E-0001  -0.93111E-0007
   0.25903E+0003   0.59831E+0000  -0.12753E+0000  -0.11396E-0005
   0.25950E+0003   0.38294E+0000  -0.19236E+0000  -0.10774E-0005
   0.26002E+0003   0.87926E-0001  -0.22439E+0000   0.67923E-0007
   0.26054E+0003  -0.20933E+0000  -0.21547E+0000   0.10078E-0005
   0.26101E+0003  -0.43717E+0000  -0.18012E+0000   0.81940E-0006
   0.26152E+0003  -0.61836E+0000  -0.12061E+0000  -0.22299E-0006
   0.26203E+0003  -0.71077E+0000  -0.49077E-0001  -0.10607E-0005
   0.26254E+0003  -0.71487E+0000   0.26494E-0001  -0.86722E-0006
   0.26304E+0003  -0.63692E+0000   0.99015E-0001   0.19000E-0006
   0.26354E+0003  -0.48229E+0000   0.16147E+0000   0.11129E-0005
   0.26403E+0003  -0.26234E+0000   0.20631E+0000   0.11726E-0005
   0.26453E+0003   0.95683E-0002   0.22454E+0000   0.42707E-0007
   0.26503E+0003   0.30061E+0000   0.20759E+0000  -0.11699E-0005
   0.26554E+0003   0.55847E+0000   0.15123E+0000  -0.14346E-0005
   0.26600E+0003   0.70453E+0000   0.71202E-0001  -0.42531E-0006
   0.26653E+0003   0.72445E+0000  -0.34763E-0001   0.10101E-0005
   0.26701E+0003   0.60715E+0000  -0.12497E+0000   0.13546E-0005
   0.26754E+0003   0.36527E+0000  -0.19579E+0000   0.27841E-0006
   0.26801E+0003   0.97470E-0001  -0.22318E+0000  -0.82990E-0006
   0.26852E+0003  -0.20169E+0000  -0.21454E+0000  -0.11891E-0005
   0.26904E+0003  -0.45414E+0000  -0.17414E+0000  -0.31542E-0006
   0.26951E+0003  -0.61609E+0000  -0.11986E+0000   0.70083E-0006
   0.27002E+0003  -0.71110E+0000  -0.48579E-0001   0.11362E-0005
   0.27053E+0003  -0.71743E+0000   0.26561E-0001   0.43254E-0006
   0.27103E+0003  -0.64156E+0000   0.98584E-0001  -0.62783E-0006
   0.27152E+0003  -0.48917E+0000   0.16061E+0000  -0.11489E-0005
   0.27202E+0003  -0.27148E+0000   0.20527E+0000  -0.59148E-0006
   0.27251E+0003  -0.18305E-0002   0.22382E+0000   0.51687E-0006
   0.27301E+0003   0.28784E+0000   0.20776E+0000   0.11541E-0005
   0.27352E+0003   0.54660E+0000   0.15268E+0000   0.51378E-0006
   0.27404E+0003   0.70536E+0000   0.63759E-0001  -0.65692E-0006
   0.27451E+0003   0.72101E+0000  -0.31495E-0001  -0.11903E-0005
   0.27504E+0003   0.58982E+0000  -0.13085E+0000  -0.45460E-0006
   0.27552E+0003   0.37199E+0000  -0.19411E+0000   0.67681E-0006
   0.27604E+0003   0.76149E-0001  -0.22425E+0000   0.12896E-0005
   0.27651E+0003  -0.19189E+0000  -0.21642E+0000   0.67481E-0006
   0.27702E+0003  -0.44573E+0000  -0.17753E+0000  -0.51521E-0006
   0.27754E+0003  -0.62397E+0000  -0.11750E+0000  -0.13127E-0005
   0.27800E+0003  -0.70833E+0000  -0.53350E-0001  -0.10046E-0005
   0.27851E+0003  -0.71821E+0000   0.21940E-0001   0.13929E-0006
   0.27901E+0003  -0.64571E+0000   0.94681E-0001   0.12097E-0005
   0.27951E+0003  -0.49625E+0000   0.15793E+0000   0.13472E-0005
   0.28005E+0003  -0.25591E+0000   0.20761E+0000   0.22355E-0006
   0.28054E+0003   0.16801E-0001   0.22502E+0000  -0.11504E-0005
   0.28105E+0003   0.30745E+0000   0.20715E+0000  -0.17578E-0005
   0.28150E+0003   0.54104E+0000   0.15728E+0000  -0.94040E-0006
   0.28202E+0003   0.70533E+0000   0.69086E-0001   0.79428E-0006
   0.28255E+0003   0.72053E+0000  -0.37345E-0001   0.18197E-0005
   0.28303E+0003   0.59981E+0000  -0.12744E+0000   0.11738E-0005
   0.28350E+0003   0.38394E+0000  -0.19247E+0000  -0.32385E-0006
   0.28402E+0003   0.87958E-0001  -0.22432E+0000  -0.14604E-0005
   0.28454E+0003  -0.20985E+0000  -0.21503E+0000  -0.11717E-0005
   0.28501E+0003  -0.43804E+0000  -0.17936E+0000  -0.20979E-0007
   0.28552E+0003  -0.61935E+0000  -0.11962E+0000   0.11046E-0005
   0.28603E+0003  -0.71159E+0000  -0.48057E-0001   0.10677E-0005
   0.28654E+0003  -0.71545E+0000   0.27335E-0001  -0.36990E-0007
   0.28704E+0003  -0.63716E+0000   0.99513E-0001  -0.11195E-0005
   0.28754E+0003  -0.48236E+0000   0.16152E+0000  -0.12266E-0005
   0.28803E+0003  -0.26228E+0000   0.20585E+0000  -0.20171E-0006
   0.28853E+0003   0.93666E-0002   0.22359E+0000   0.10310E-0005
   0.28903E+0003   0.30018E+0000   0.20620E+0000   0.13996E-0005
   0.28954E+0003   0.55811E+0000   0.14948E+0000   0.35069E-0006
   0.29000E+0003   0.70443E+0000   0.69297E-0001  -0.93211E-0006
   0.29053E+0003   0.72480E+0000  -0.36579E-0001  -0.14397E-0005
   0.29101E+0003   0.60772E+0000  -0.12646E+0000  -0.40890E-0006
   0.29154E+0003   0.36586E+0000  -0.19679E+0000   0.11501E-0005
   0.29200E+0003   0.98013E-0001  -0.22379E+0000   0.15513E-0005
   0.29252E+0003  -0.20131E+0000  -0.21488E+0000   0.38705E-0006
   0.29304E+0003  -0.45409E+0000  -0.17436E+0000  -0.12355E-0005
   0.29350E+0003  -0.61632E+0000  -0.12009E+0000  -0.19200E-0005
   0.29402E+0003  -0.71164E+0000  -0.48860E-0001  -0.11075E-0005
   0.29453E+0003  -0.71824E+0000   0.26268E-0001   0.70047E-0006
   0.29503E+0003  -0.64264E+0000   0.98395E-0001   0.20786E-0005
   0.29552E+0003  -0.49042E+0000   0.16064E+0000   0.18823E-0005
   0.29601E+0003  -0.27274E+0000   0.20560E+0000   0.20006E-0006
   0.29651E+0003  -0.27082E-0002   0.22445E+0000  -0.16525E-0005
   0.29701E+0003   0.28767E+0000   0.20860E+0000  -0.21346E-0005
   0.29752E+0003   0.54742E+0000   0.15355E+0000  -0.58021E-0006
   0.29804E+0003   0.70706E+0000   0.64466E-0001   0.15700E-0005
   0.29851E+0003   0.72310E+0000  -0.31013E-0001   0.21133E-0005
   0.29904E+0003   0.59178E+0000  -0.13056E+0000   0.34351E-0006
   0.29952E+0003   0.37339E+0000  -0.19388E+0000  -0.16921E-0005
   0.00000E+0000   0.00000E+0000   0.00000E+0000   0.00000E+0000
   0.00000E+0000   0.00000E+0000   0.00000E+0000   0.00000E+0000
   0.00000E+0000   0.00000E+0000   0.00000E+0000   0.00000E+0000
   0.00000E+0000   0.00000E+0000   0.00000E+0000   0.00000E+0000
   0.00000E+0000   0.00000E+0000   0.00000E+0000   0.00000E+0000
   0.00000E+0000   0.00000E+0000   0.00000E+0000   0.00000E+0000
   0.00000E+0000   0.00000E+0000   0.00000E+0000   0.00000E+0000
   0.00000E+0000   0.00000E+0000   0.00000E+0000   0.00000E+0000
   0.00000E+0000   0.00000E+0000   0.00000E+0000   0.00000E+0000
   0.00000E+0000   0.00000E+0000   0.00000E+0000   0.00000E+0000
   0.00000E+0000   0.00000E+0000   0.00000E+0000   0.00000E+0000
   0.00000E+0000   0.00000E+0000   0.00000E+0000   0.00000E+0000
   0.00000E+0000   0.00000E+0000   0.00000E+0000   0.00000E+0000
   0.00000E+0000   0.00000E+0000   0.00000E+0000   0.00000E+0000
   0.00000E+0000   0.00000E+0000   0.00000E+0000   0.00000E+0000
   0.00000E+0000   0.00000E+0000   0.00000E+0000   0.00000E+0000
   0.00000E+0000   0.00000E+0000   0.00000E+0000   0.00000E+0000
   0.00000E+0000   0.00000E+0000   0.00000E+0000   0.00000E+0000
   0.00000E+0000   0.00000E+0000   0.00000E+0000   0.00000E+0000
   0.00000E+0000   0.00000E+0000   0.00000E+0000   0.00000E+0000
   0.00000E+0000   0.00000E+0000   0.00000E+0000   0.00000E+0000
   0.00000E+0000   0.00000E+0000   0.00000E+0000   0.00000E+0000
   0.00000E+0000   0.00000E+0000   0.00000E+0000   0.00000E+0000
   0.00000E+0000   0.00000E+0000   0.00000E+0000   0.00000E+0000
   0.00000E+0000   0.00000E+0000   0.00000E+0000   0.00000E+0000
   0.00000E+0000   0.00000E+0000   0.00000E+0000   0.00000E+0000
   0.00000E+0000   0.00000E+0000   0.00000E+0000   0.00000E+0000
   0.00000E+0000   0.00000E+0000   0.00000E+0000   0.00000E+0000
   0.00000E+0000   0.00000E+0000   0.00000E+0000   0.00000E+0000
   0.00000E+0000   0.00000E+0000   0.00000E+0000   0.00000E+0000
   0.00000E+0000   0.00000E+0000   0.00000E+0000   0.00000E+0000
   0.00000E+0000   0.00000E+0000   0.00000E+0000   0.00000E+0000
   0.00000E+0000   0.00000E+0000   0.00000E+0000   0.00000E+0000
   0.00000E+0000   0.00000E+0000   0.00000E+0000   0.00000E+0000
   0.00000E+0000   0.00000E+0000   0.00000E+0000   0.00000E+0000
   0.00000E+0000   0.00000E+0000   0.00000E+0000   0.00000E+0000
   0.00000E+0000   0.00000E+0000   0.00000E+0000   0.00000E+0000
   0.00000E+0000   0.00000E+0000   0.00000E+0000   0.00000E+0000
   0.00000E+0000   0.00000E+0000   0.00000E+0000   0.00000E+0000
   0.00000E+0000   0.00000E+0000   0.00000E+0000   0.00000E+0000
   0.00000E+0000   0.00000E+0000   0.00000E+0000   0.00000E+0000
   0.00000E+0000   0.00000E+0000   0.00000E+0000   0.00000E+0000
   0.00000E+0000   0.00000E+0000   0.00000E+0000   0.00000E+0000
   0.00000E+0000   0.00000E+0000   0.00000E+0000   0.00000E+0000
   0.00000E+0000   0.00000E+0000   0.00000E+0000   0.00000E+0000
   0.00000E+0000   0.00000E+0000   0.00000E+0000   0.00000E+0000
   0.00000E+0000   0.00000E+0000   0.00000E+0000   0.00000E+0000
   0.00000E+0000   0.00000E+0000   0.00000E+0000   0.00000E+0000
   0.00000E+0000   0.00000E+0000   0.00000E+0000   0.00000E+0000
   0.00000E+0000   0.00000E+0000   0.00000E+0000   0.00000E+0000
   0.00000E+0000   0.00000E+0000   0.00000E+0000   0.00000E+0000
   0.00000E+0000   0.00000E+0000   0.00000E+0000   0.00000E+0000
   0.00000E+0000   0.00000E+0000   0.00000E+0000   0.00000E+0000
   0.00000E+0000   0.00000E+0000   0.00000E+0000   0.00000E+0000
   0.00000E+0000   0.00000E+0000   0.00000E+0000   0.00000E+0000
   0.00000E+0000   0.00000E+0000   0.00000E+0000   0.00000E+0000
   0.00000E+0000   0.00000E+0000   0.00000E+0000   0.00000E+0000
   0.00000E+0000   0.00000E+0000   0.00000E+0000   0.00000E+0000
   0.00000E+0000   0.00000E+0000   0.00000E+0000   0.00000E+0000
   0.00000E+0000   0.00000E+0000   0.00000E+0000   0.00000E+0000
   0.00000E+0000   0.00000E+0000   0.00000E+0000   0.00000E+0000
   0.00000E+0000   0.00000E+0000   0.00000E+0000   0.00000E+0000
   0.00000E+0000   0.00000E+0000   0.00000E+0000   0.00000E+0000
   0.00000E+0000   0.00000E+0000   0.00000E+0000   0.00000E+0000
   0.00000E+0000   0.00000E+0000   0.00000E+0000   0.00000E+0000
   0.00000E+0000   0.00000E+0000   0.00000E+0000   0.00000E+0000
   0.00000E+0000   0.00000E+0000   0.00000E+0000   0.00000E+0000
   0.00000E+0000   0.00000E+0000   0.00000E+0000   0.00000E+0000
   0.00000E+0000   0.00000E+0000   0.00000E+0000   0.00000E+0000
   0.00000E+0000   0.00000E+0000   0.00000E+0000   0.00000E+0000
   0.00000E+0000   0.00000E+0000   0.00000E+0000   0.00000E+0000
   0.00000E+0000   0.00000E+0000   0.00000E+0000   0.00000E+0000
   0.00000E+0000   0.00000E+0000   0.00000E+0000   0.00000E+0000
   0.00000E+0000   0.00000E+0000   0.00000E+0000   0.00000E+0000
   0.00000E+0000   0.00000E+0000   0.00000E+0000   0.00000E+0000
   0.00000E+0000   0.00000E+0000   0.00000E+0000   0.00000E+0000
   0.00000E+0000   0.00000E+0000   0.00000E+0000   0.00000E+0000
   0.00000E+0000   0.00000E+0000   0.00000E+0000   0.00000E+0000
   0.00000E+0000   0.00000E+0000   0.00000E+0000   0.00000E+0000
   0.00000E+0000   0.00000E+0000   0.00000E+0000   0.00000E+0000
   0.00000E+0000   0.00000E+0000   0.00000E+0000   0.00000E+0000
   0.00000E+0000   0.00000E+0000   0.00000E+0000   0.00000E+0000
   0.00000E+0000   0.00000E+0000   0.00000E+0000   0.00000E+0000
   0.00000E+0000   0.00000E+0000   0.00000E+0000   0.00000E+0000
   0.00000E+0000   0.00000E+0000   0.00000E+0000   0.00000E+0000
   0.00000E+0000   0.00000E+0000   0.00000E+0000   0.00000E+0000
   0.00000E+0000   0.00000E+0000   0.00000E+0000   0.00000E+0000
   0.00000E+0000   0.00000E+0000   0.00000E+0000   0.00000E+0000
   0.00000E+0000   0.00000E+0000   0.00000E+0000   0.00000E+0000
   0.00000E+0000   0.00000E+0000   0.00000E+0000   0.00000E+0000
   0.00000E+0000   0.00000E+0000   0.00000E+0000   0.00000E+0000
   0.00000E+0000   0.00000E+0000   0.00000E+0000   0.00000E+0000
   0.00000E+0000   0.00000E+0000   0.00000E+0000   0.00000E+0000
   0.00000E+0000   0.00000E+0000   0.00000E+0000   0.00000E+0000
   0.00000E+0000   0.00000E+0000   0.00000E+0000   0.00000E+0000
   0.00000E+0000   0.00000E+0000   0.00000E+0000   0.00000E+0000
   0.00000E+0000   0.00000E+0000   0.00000E+0000   0.00000E+0000
   0.00000E+0000   0.00000E+0000   0.00000E+0000   0.00000E+0000
   0.00000E+0000   0.00000E+0000   0.00000E+0000   0.00000E+0000
   0.00000E+0000   0.00000E+0000   0.00000E+0000   0.00000E+0000
   0.00000E+0000   0.00000E+0000   0.00000E+0000   0.00000E+0000
   0.00000E+0000   0.00000E+0000   0.00000E+0000   0.00000E+0000
   0.00000E+0000   0.00000E+0000   0.00000E+0000   0.00000E+0000
   0.00000E+0000   0.00000E+0000   0.00000E+0000   0.00000E+0000
   0.00000E+0000   0.00000E+0000   0.00000E+0000   0.00000E+0000
   0.00000E+0000   0.00000E+0000   0.00000E+0000   0.00000E+0000
   0.00000E+0000   0.00000E+0000   0.00000E+0000   0.00000E+0000
   0.00000E+0000   0.00000E+0000   0.00000E+0000   0.00000E+0000
   0.00000E+0000   0.00000E+0000   0.00000E+0000   0.00000E+0000
   0.00000E+0000   0.00000E+0000   0.00000E+0000   0.00000E+0000
   0.00000E+0000   0.00000E+0000   0.00000E+0000   0.00000E+0000
   0.00000E+0000   0.00000E+0000   0.00000E+0000   0.00000E+0000
   0.00000E+0000   0.00000E+0000   0.00000E+0000   0.00000E+0000
   0.00000E+0000   0.00000E+0000   0.00000E+0000   0.00000E+0000
   0.00000E+0000   0.00000E+0000   0.00000E+0000   0.00000E+0000
   0.00000E+0000   0.00000E+0000   0.00000E+0000   0.00000E+0000
   0.00000E+0000   0.00000E+0000   0.00000E+0000   0.00000E+0000
   0.00000E+0000   0.00000E+0000   0.00000E+0000   0.00000E+0000
   0.00000E+0000   0.00000E+0000   0.00000E+0000   0.00000E+0000
   0.00000E+0000   0.00000E+0000   0.00000E+0000   0.00000E+0000
   0.00000E+0000   0.00000E+0000   0.00000E+0000   0.00000E+0000
   0.00000E+0000   0.00000E+0000   0.00000E+0000   0.00000E+0000
   0.00000E+0000   0.00000E+0000   0.00000E+0000   0.00000E+0000
   0.00000E+0000   0.00000E+0000   0.00000E+0000   0.00000E+0000
   0.00000E+0000   0.00000E+0000   0.00000E+0000   0.00000E+0000
   0.00000E+0000   0.00000E+0000   0.00000E+0000   0.00000E+0000
   0.00000E+0000   0.00000E+0000   0.00000E+0000   0.00000E+0000
   0.00000E+0000   0.00000E+0000   0.00000E+0000   0.00000E+0000
   0.00000E+0000   0.00000E+0000   0.00000E+0000   0.00000E+0000
   0.00000E+0000   0.00000E+0000   0.00000E+0000   0.00000E+0000
   0.00000E+0000   0.00000E+0000   0.00000E+0000   0.00000E+0000
   0.00000E+0000   0.00000E+0000   0.00000E+0000   0.00000E+0000
   0.00000E+0000   0.00000E+0000   0.00000E+0000   0.00000E+0000
   0.00000E+0000   0.00000E+0000   0.00000E+0000   0.00000E+0000
   0.00000E+0000   0.00000E+0000   0.00000E+0000   0.00000E+0000
   0.00000E+0000   0.00000E+0000   0.00000E+0000   0.00000E+0000
   0.00000E+0000   0.00000E+0000   0.00000E+0000   0.00000E+0000
   0.00000E+0000   0.00000E+0000   0.00000E+0000   0.00000E+0000
   0.00000E+0000   0.00000E+0000   0.00000E+0000   0.00000E+0000
   0.00000E+0000   0.00000E+0000   0.00000E+0000   0.00000E+0000
   0.00000E+0000   0.00000E+0000   0.00000E+0000   0.00000E+0000
   0.00000E+0000   0.00000E+0000   0.00000E+0000   0.00000E+0000
   0.00000E+0000   0.00000E+0000   0.00000E+0000   0.00000E+0000
   0.00000E+0000   0.00000E+0000   0.00000E+0000   0.00000E+0000
   0.00000E+0000   0.00000E+0000   0.00000E+0000   0.00000E+0000
   0.00000E+0000   0.00000E+0000   0.00000E+0000   0.00000E+0000
   0.00000E+0000   0.00000E+0000   0.00000E+0000   0.00000E+0000
   0.00000E+0000   0.00000E+0000   0.00000E+0000   0.00000E+0000
   0.00000E+0000   0.00000E+0000   0.00000E+0000   0.00000E+0000
   0.00000E+0000   0.00000E+0000   0.00000E+0000   0.00000E+0000
   0.00000E+0000   0.00000E+0000   0.00000E+0000   0.00000E+0000
   0.00000E+0000   0.00000E+0000   0.00000E+0000   0.00000E+0000
   0.00000E+0000   0.00000E+0000   0.00000E+0000   0.00000E+0000
   0.00000E+0000   0.00000E+0000   0.00000E+0000   0.00000E+0000
   0.00000E+0000   0.00000E+0000   0.00000E+0000   0.00000E+0000
   0.00000E+0000   0.00000E+0000   0.00000E+0000   0.00000E+0000
   0.00000E+0000   0.00000E+0000   0.00000E+0000   0.00000E+0000
   0.00000E+0000   0.00000E+0000   0.00000E+0000   0.00000E+0000
   0.00000E+0000   0.00000E+0000   0.00000E+0000   0.00000E+0000
   0.00000E+0000   0.00000E+0000   0.00000E+0000   0.00000E+0000
   0.00000E+0000   0.00000E+0000   0.00000E+0000   0.00000E+0000
   0.00000E+0000   0.00000E+0000   0.00000E+0000   0.00000E+0000
   0.00000E+0000   0.00000E+0000   0.00000E+0000   0.00000E+0000
   0.00000E+0000   0.00000E+0000   0.00000E+0000   0.00000E+0000
   0.00000E+0000   0.00000E+0000   0.00000E+0000   0.00000E+0000
   0.00000E+0000   0.00000E+0000   0.00000E+0000   0.00000E+0000
   0.00000E+0000   0.00000E+0000   0.00000E+0000   0.00000E+0000
   0.00000E+0000   0.00000E+0000   0.00000E+0000   0.00000E+0000
   0.00000E+0000   0.00000E+0000   0.00000E+0000   0.00000E+0000
   0.00000E+0000   0.00000E+0000   0.00000E+0000   0.00000E+0000
   0.00000E+0000   0.00000E+0000   0.00000E+0000   0.00000E+0000
   0.00000E+0000   0.00000E+0000   0.00000E+0000   0.00000E+0000
   0.00000E+0000   0.00000E+0000   0.00000E+0000   0.00000E+0000
   0.00000E+0000   0.00000E+0000   0.00000E+0000   0.00000E+0000
   0.00000E+0000   0.00000E+0000   0.00000E+0000   0.00000E+0000
   0.00000E+0000   0.00000E+0000   0.00000E+0000   0.00000E+0000
   0.00000E+0000   0.00000E+0000   0.00000E+0000   0.00000E+0000
   0.00000E+0000   0.00000E+0000   0.00000E+0000   0.00000E+0000
   0.00000E+0000   0.00000E+0000   0.00000E+0000   0.00000E+0000
   0.00000E+0000   0.00000E+0000   0.00000E+0000   0.00000E+0000
   0.00000E+0000   0.00000E+0000   0.00000E+0000   0.00000E+0000
   0.00000E+0000   0.00000E+0000   0.00000E+0000   0.00000E+0000
   0.00000E+0000   0.00000E+0000   0.00000E+0000   0.00000E+0000
   0.00000E+0000   0.00000E+0000   0.00000E+0000   0.00000E+0000
   0.00000E+0000   0.00000E+0000   0.00000E+0000   0.00000E+0000
   0.00000E+0000   0.00000E+0000   0.00000E+0000   0.00000E+0000
   0.00000E+0000   0.00000E+0000   0.00000E+0000   0.00000E+0000
   0.00000E+0000   0.00000E+0000   0.00000E+0000   0.00000E+0000
   0.00000E+0000   0.00000E+0000   0.00000E+0000   0.00000E+0000
   0.00000E+0000   0.00000E+0000   0.00000E+0000   0.00000E+0000
   0.00000E+0000   0.00000E+0000   0.00000E+0000   0.00000E+0000
   0.00000E+0000   0.00000E+0000   0.00000E+0000   0.00000E+0000
   0.00000E+0000   0.00000E+0000   0.00000E+0000   0.00000E+0000
   0.00000E+0000   0.00000E+0000   0.00000E+0000   0.00000E+0000
   0.00000E+0000   0.00000E+0000   0.00000E+0000   0.00000E+0000
   0.00000E+0000   0.00000E+0000   0.00000E+0000   0.00000E+0000
   0.00000E+0000   0.00000E+0000   0.00000E+0000   0.00000E+0000
   0.00000E+0000   0.00000E+0000   0.00000E+0000   0.00000E+0000
   0.00000E+0000   0.00000E+0000   0.00000E+0000   0.00000E+0000
   0.00000E+0000   0.00000E+0000   0.00000E+0000   0.00000E+0000
   0.00000E+0000   0.00000E+0000   0.00000E+0000   0.00000E+0000
   0.00000E+0000   0.00000E+0000   0.00000E+0000   0.00000E+0000
   0.00000E+0000   0.00000E+0000   0.00000E+0000   0.00000E+0000
   0.00000E+0000   0.00000E+0000   0.00000E+0000   0.00000E+0000
   0.00000E+0000   0.00000E+0000   0.00000E+0000   0.00000E+0000
   0.00000E+0000   0.00000E+0000   0.00000E+0000   0.00000E+0000
   0.00000E+0000   0.00000E+0000   0.00000E+0000   0.00000E+0000
   0.00000E+0000   0.00000E+0000   0.00000E+0000   0.00000E+0000
   0.00000E+0000   0.00000E+0000   0.00000E+0000   0.00000E+0000
   0.00000E+0000   0.00000E+0000   0.00000E+0000   0.00000E+0000
   0.00000E+0000   0.00000E+0000   0.00000E+0000   0.00000E+0000
   0.00000E+0000   0.00000E+0000   0.00000E+0000   0.00000E+0000
   0.00000E+0000   0.00000E+0000   0.00000E+0000   0.00000E+0000
   0.00000E+0000   0.00000E+0000   0.00000E+0000   0.00000E+0000
   0.00000E+0000   0.00000E+0000   0.00000E+0000   0.00000E+0000
   0.00000E+0000   0.00000E+0000   0.00000E+0000   0.00000E+0000
   0.00000E+0000   0.00000E+0000   0.00000E+0000   0.00000E+0000
   0.00000E+0000   0.00000E+0000   0.00000E+0000   0.00000E+0000
   0.00000E+0000   0.00000E+0000   0.00000E+0000   0.00000E+0000
   0.00000E+0000   0.00000E+0000   0.00000E+0000   0.00000E+0000
   0.00000E+0000   0.00000E+0000   0.00000E+0000   0.00000E+0000
   0.00000E+0000   0.00000E+0000   0.00000E+0000   0.00000E+0000
   0.00000E+0000   0.00000E+0000   0.00000E+0000   0.00000E+0000
   0.00000E+0000   0.00000E+0000   0.00000E+0000   0.00000E+0000
   0.00000E+0000   0.00000E+0000   0.00000E+0000   0.00000E+0000
   0.00000E+0000   0.00000E+0000   0.00000E+0000   0.00000E+0000
   0.00000E+0000   0.00000E+0000   0.00000E+0000   0.00000E+0000
   0.00000E+0000   0.00000E+0000   0.00000E+0000   0.00000E+0000
   0.00000E+0000   0.00000E+0000   0.00000E+0000   0.00000E+0000
   0.00000E+0000   0.00000E+0000   0.00000E+0000   0.00000E+0000
   0.00000E+0000   0.00000E+0000   0.00000E+0000   0.00000E+0000
   0.00000E+0000   0.00000E+0000   0.00000E+0000   0.00000E+0000
   0.00000E+0000   0.00000E+0000   0.00000E+0000   0.00000E+0000
   0.00000E+0000   0.00000E+0000   0.00000E+0000   0.00000E+0000
   0.00000E+0000   0.00000E+0000   0.00000E+0000   0.00000E+0000
   0.00000E+0000   0.00000E+0000   0.00000E+0000   0.00000E+0000
   0.00000E+0000   0.00000E+0000   0.00000E+0000   0.00000E+0000
   0.00000E+0000   0.00000E+0000   0.00000E+0000   0.00000E+0000
   0.00000E+0000   0.00000E+0000   0.00000E+0000   0.00000E+0000
   0.00000E+0000   0.00000E+0000   0.00000E+0000   0.00000E+0000
   0.00000E+0000   0.00000E+0000   0.00000E+0000   0.00000E+0000
   0.00000E+0000   0.00000E+0000   0.00000E+0000   0.00000E+0000
   0.00000E+0000   0.00000E+0000   0.00000E+0000   0.00000E+0000
   0.00000E+0000   0.00000E+0000   0.00000E+0000   0.00000E+0000
   0.00000E+0000   0.00000E+0000   0.00000E+0000   0.00000E+0000
   0.00000E+0000   0.00000E+0000   0.00000E+0000   0.00000E+0000
   0.00000E+0000   0.00000E+0000   0.00000E+0000   0.00000E+0000
   0.00000E+0000   0.00000E+0000   0.00000E+0000   0.00000E+0000
   0.00000E+0000   0.00000E+0000   0.00000E+0000   0.00000E+0000
   0.00000E+0000   0.00000E+0000   0.00000E+0000   0.00000E+0000
   0.00000E+0000   0.00000E+0000   0.00000E+0000   0.00000E+0000
   0.00000E+0000   0.00000E+0000   0.00000E+0000   0.00000E+0000
   0.00000E+0000   0.00000E+0000   0.00000E+0000   0.00000E+0000
   0.00000E+0000   0.00000E+0000   0.00000E+0000   0.00000E+0000
   0.00000E+0000   0.00000E+0000   0.00000E+0000   0.00000E+0000
   0.00000E+0000   0.00000E+0000   0.00000E+0000   0.00000E+0000
   0.00000E+0000   0.00000E+0000   0.00000E+0000   0.00000E+0000
   0.00000E+0000   0.00000E+0000   0.00000E+0000   0.00000E+0000
   0.00000E+0000   0.00000E+0000   0.00000E+0000   0.00000E+0000
   0.00000E+0000   0.00000E+0000   0.00000E+0000   0.00000E+0000
   0.00000E+0000   0.00000E+0000   0.00000E+0000   0.00000E+0000
   0.00000E+0000   0.00000E+0000   0.00000E+0000   0.00000E+0000
   0.00000E+0000   0.00000E+0000   0.00000E+0000   0.00000E+0000
   0.00000E+0000   0.00000E+0000   0.00000E+0000   0.00000E+0000
   0.00000E+0000   0.00000E+0000   0.00000E+0000   0.00000E+0000
   0.00000E+0000   0.00000E+0000   0.00000E+0000   0.00000E+0000
   0.00000E+0000   0.00000E+0000   0.00000E+0000   0.00000E+0000
   0.00000E+0000   0.00000E+0000   0.00000E+0000   0.00000E+0000
   0.00000E+0000   0.00000E+0000   0.00000E+0000   0.00000E+0000
   0.00000E+0000   0.00000E+0000   0.00000E+0000   0.00000E+0000
   0.00000E+0000   0.00000E+0000   0.00000E+0000   0.00000E+0000
   0.00000E+0000   0.00000E+0000   0.00000E+0000   0.00000E+0000
   0.00000E+0000   0.00000E+0000   0.00000E+0000   0.00000E+0000
   0.00000E+0000   0.00000E+0000   0.00000E+0000   0.00000E+0000
   0.00000E+0000   0.00000E+0000   0.00000E+0000   0.00000E+0000
   0.00000E+0000   0.00000E+0000   0.00000E+0000   0.00000E+0000
   0.00000E+0000   0.00000E+0000   0.00000E+0000   0.00000E+0000
   0.00000E+0000   0.00000E+0000   0.00000E+0000   0.00000E+0000
   0.00000E+0000   0.00000E+0000   0.00000E+0000   0.00000E+0000
   0.00000E+0000   0.00000E+0000   0.00000E+0000   0.00000E+0000
   0.00000E+0000   0.00000E+0000   0.00000E+0000   0.00000E+0000
   0.00000E+0000   0.00000E+0000   0.00000E+0000   0.00000E+0000
   0.00000E+0000   0.00000E+0000   0.00000E+0000   0.00000E+0000
   0.00000E+0000   0.00000E+0000   0.00000E+0000   0.00000E+0000
   0.00000E+0000   0.00000E+0000   0.00000E+0000   0.00000E+0000
   0.00000E+0000   0.00000E+0000   0.00000E+0000   0.00000E+0000
   0.00000E+0000   0.00000E+0000   0.00000E+0000   0.00000E+0000
   0.00000E+0000   0.00000E+0000   0.00000E+0000   0.00000E+0000
   0.00000E+0000   0.00000E+0000   0.00000E+0000   0.00000E+0000
   0.00000E+0000   0.00000E+0000   0.00000E+0000   0.00000E+0000
   0.00000E+0000   0.00000E+0000   0.00000E+0000   0.00000E+0000
   0.00000E+0000   0.00000E+0000   0.00000E+0000   0.00000E+0000
   0.00000E+0000   0.00000E+0000   0.00000E+0000   0.00000E+0000
   0.00000E+0000   0.00000E+0000   0.00000E+0000   0.00000E+0000
   0.00000E+0000   0.00000E+0000   0.00000E+0000   0.00000E+0000
   0.00000E+0000   0.00000E+0000   0.00000E+0000   0.00000E+0000
   0.00000E+0000   0.00000E+0000   0.00000E+0000   0.00000E+0000
   0.00000E+0000   0.00000E+0000   0.00000E+0000   0.00000E+0000
   0.00000E+0000   0.00000E+0000   0.00000E+0000   0.00000E+0000
   0.00000E+0000   0.00000E+0000   0.00000E+0000   0.00000E+0000
   0.00000E+0000   0.00000E+0000   0.00000E+0000   0.00000E+0000
   0.00000E+0000   0.00000E+0000   0.00000E+0000   0.00000E+0000
   0.00000E+0000   0.00000E+0000   0.00000E+0000   0.00000E+0000
   0.00000E+0000   0.00000E+0000   0.00000E+0000   0.00000E+0000
   0.00000E+0000   0.00000E+0000   0.00000E+0000   0.00000E+0000
   0.00000E+0000   0.00000E+0000   0.00000E+0000   0.00000E+0000
   0.00000E+0000   0.00000E+0000   0.00000E+0000   0.00000E+0000
   0.00000E+0000   0.00000E+0000   0.00000E+0000   0.00000E+0000
   0.00000E+0000   0.00000E+0000   0.00000E+0000   0.00000E+0000
   0.00000E+0000   0.00000E+0000   0.00000E+0000   0.00000E+0000
   0.00000E+0000   0.00000E+0000   0.00000E+0000   0.00000E+0000
   0.00000E+0000   0.00000E+0000   0.00000E+0000   0.00000E+0000
   0.00000E+0000   0.00000E+0000   0.00000E+0000   0.00000E+0000
   0.00000E+0000   0.00000E+0000   0.00000E+0000   0.00000E+0000
   0.00000E+0000   0.00000E+0000   0.00000E+0000   0.00000E+0000
   0.00000E+0000   0.00000E+0000   0.00000E+0000   0.00000E+0000
   0.00000E+0000   0.00000E+0000   0.00000E+0000   0.00000E+0000
   0.00000E+0000   0.00000E+0000   0.00000E+0000   0.00000E+0000
   0.00000E+0000   0.00000E+0000   0.00000E+0000   0.00000E+0000
   0.00000E+0000   0.00000E+0000   0.00000E+0000   0.00000E+0000
   0.00000E+0000   0.00000E+0000   0.00000E+0000   0.00000E+0000
   0.00000E+0000   0.00000E+0000   0.00000E+0000   0.00000E+0000
   0.00000E+0000   0.00000E+0000   0.00000E+0000   0.00000E+0000
   0.00000E+0000   0.00000E+0000   0.00000E+0000   0.00000E+0000
   0.00000E+0000   0.00000E+0000   0.00000E+0000   0.00000E+0000
   0.00000E+0000   0.00000E+0000   0.00000E+0000   0.00000E+0000
   0.00000E+0000   0.00000E+0000   0.00000E+0000   0.00000E+0000
   0.00000E+0000   0.00000E+0000   0.00000E+0000   0.00000E+0000
   0.00000E+0000   0.00000E+0000   0.00000E+0000   0.00000E+0000
   0.00000E+0000   0.00000E+0000   0.00000E+0000   0.00000E+0000
   0.00000E+0000   0.00000E+0000   0.00000E+0000   0.00000E+0000
   0.00000E+0000   0.00000E+0000   0.00000E+0000   0.00000E+0000
   0.00000E+0000   0.00000E+0000   0.00000E+0000   0.00000E+0000
   0.00000E+0000   0.00000E+0000   0.00000E+0000   0.00000E+0000
   0.00000E+0000   0.00000E+0000   0.00000E+0000   0.00000E+0000
   0.00000E+0000   0.00000E+0000   0.00000E+0000   0.00000E+0000
   0.00000E+0000   0.00000E+0000   0.00000E+0000   0.00000E+0000
   0.00000E+0000   0.00000E+0000   0.00000E+0000   0.00000E+0000
   0.00000E+0000   0.00000E+0000   0.00000E+0000   0.00000E+0000
   0.00000E+0000   0.00000E+0000   0.00000E+0000   0.00000E+0000
   0.00000E+0000   0.00000E+0000   0.00000E+0000   0.00000E+0000
   0.00000E+0000   0.00000E+0000   0.00000E+0000   0.00000E+0000
   0.00000E+0000   0.00000E+0000   0.00000E+0000   0.00000E+0000
   0.00000E+0000   0.00000E+0000   0.00000E+0000   0.00000E+0000
   0.00000E+0000   0.00000E+0000   0.00000E+0000   0.00000E+0000
   0.00000E+0000   0.00000E+0000   0.00000E+0000   0.00000E+0000
   0.00000E+0000   0.00000E+0000   0.00000E+0000   0.00000E+0000
   0.00000E+0000   0.00000E+0000   0.00000E+0000   0.00000E+0000
   0.00000E+0000   0.00000E+0000   0.00000E+0000   0.00000E+0000
   0.00000E+0000   0.00000E+0000   0.00000E+0000   0.00000E+0000
   0.00000E+0000   0.00000E+0000   0.00000E+0000   0.00000E+0000
   0.00000E+0000   0.00000E+0000   0.00000E+0000   0.00000E+0000
   0.00000E+0000   0.00000E+0000   0.00000E+0000   0.00000E+0000
   0.00000E+0000   0.00000E+0000   0.00000E+0000   0.00000E+0000
   0.00000E+0000   0.00000E+0000   0.00000E+0000   0.00000E+0000
   0.00000E+0000   0.00000E+0000   0.00000E+0000   0.00000E+0000
   0.00000E+0000   0.00000E+0000   0.00000E+0000   0.00000E+0000
   0.00000E+0000   0.00000E+0000   0.00000E+0000   0.00000E+0000
   0.00000E+0000   0.00000E+0000   0.00000E+0000   0.00000E+0000
   0.00000E+0000   0.00000E+0000   0.00000E+0000   0.00000E+0000
   0.00000E+0000   0.00000E+0000   0.00000E+0000   0.00000E+0000
   0.00000E+0000   0.00000E+0000   0.00000E+0000   0.00000E+0000
   0.00000E+0000   0.00000E+0000   0.00000E+0000   0.00000E+0000
   0.00000E+0000   0.00000E+0000   0.00000E+0000   0.00000E+0000
   0.00000E+0000   0.00000E+0000   0.00000E+0000   0.00000E+0000
   0.00000E+0000   0.00000E+0000   0.00000E+0000   0.00000E+0000
   0.00000E+0000   0.00000E+0000   0.00000E+0000   0.00000E+0000
   0.00000E+0000   0.00000E+0000   0.00000E+0000   0.00000E+0000
   0.00000E+0000   0.00000E+0000   0.00000E+0000   0.00000E+0000
   0.00000E+0000   0.00000E+0000   0.00000E+0000   0.00000E+0000
   0.00000E+0000   0.00000E+0000   0.00000E+0000   0.00000E+0000
   0.00000E+0000   0.00000E+0000   0.00000E+0000   0.00000E+0000
   0.00000E+0000   0.00000E+0000   0.00000E+0000   0.00000E+0000
   0.00000E+0000   0.00000E+0000   0.00000E+0000   0.00000E+0000
   0.00000E+0000   0.00000E+0000   0.00000E+0000   0.00000E+0000
   0.00000E+0000   0.00000E+0000   0.00000E+0000   0.00000E+0000
   0.00000E+0000   0.00000E+0000   0.00000E+0000   0.00000E+0000
   0.00000E+0000   0.00000E+0000   0.00000E+0000   0.00000E+0000
   0.00000E+0000   0.00000E+0000   0.00000E+0000   0.00000E+0000
   0.00000E+0000   0.00000E+0000   0.00000E+0000   0.00000E+0000
   0.00000E+0000   0.00000E+0000   0.00000E+0000   0.00000E+0000
   0.00000E+0000   0.00000E+0000   0.00000E+0000   0.00000E+0000
   0.00000E+0000   0.00000E+0000   0.00000E+0000   0.00000E+0000
   0.00000E+0000   0.00000E+0000   0.00000E+0000   0.00000E+0000
   0.00000E+0000   0.00000E+0000   0.00000E+0000   0.00000E+0000
   0.00000E+0000   0.00000E+0000   0.00000E+0000   0.00000E+0000
   0.00000E+0000   0.00000E+0000   0.00000E+0000   0.00000E+0000
   0.00000E+0000   0.00000E+0000   0.00000E+0000   0.00000E+0000
   0.00000E+0000   0.00000E+0000   0.00000E+0000   0.00000E+0000
   0.00000E+0000   0.00000E+0000   0.00000E+0000   0.00000E+0000
   0.00000E+0000   0.00000E+0000   0.00000E+0000   0.00000E+0000
   0.00000E+0000   0.00000E+0000   0.00000E+0000   0.00000E+0000
   0.00000E+0000   0.00000E+0000   0.00000E+0000   0.00000E+0000
   0.00000E+0000   0.00000E+0000   0.00000E+0000   0.00000E+0000
   0.00000E+0000   0.00000E+0000   0.00000E+0000   0.00000E+0000
   0.00000E+0000   0.00000E+0000   0.00000E+0000   0.00000E+0000
   0.00000E+0000   0.00000E+0000   0.00000E+0000   0.00000E+0000
   0.00000E+0000   0.00000E+0000   0.00000E+0000   0.00000E+0000
   0.00000E+0000   0.00000E+0000   0.00000E+0000   0.00000E+0000
   0.00000E+0000   0.00000E+0000   0.00000E+0000   0.00000E+0000
